500 5
1,3,4,5,6,7,9,10,11,12,15,16,17,18,22,23,27,31,33,36,37,38,39,40,42,43,44,46,47,49,51,52,55,56,59,60,64,65,66,67,68,69,73,75,77,82,83,85,87,88,91,92,93,94,95,96,98,99
2,5,7,10,11,17,18,19,22,23,25,29,30,32,34,41,42,43,48,49,50,52,53,67,69,70,72,76,77,80,82,89,90,91,92,93,94,95,97,98
3,1,2,4,5,7,8,11,13,14,17,18,19,20,25,26,27,28,29,30,31,32,33,35,36,40,41,42,43,45,46,47,48,49,50,52,54,55,56,57,58,59,60,62,63,65,68,71,72,74,75,76,80,81,83,85,87,89,90,91,92,93,94,95,96,97,99
4,0,1,5,7,8,9,10,11,12,14,15,16,18,19,20,22,23,26,28,29,30,31,32,34,35,36,37,38,39,40,42,43,44,45,46,47,48,49,50,51,52,54,55,57,58,59,61,62,63,64,65,66,67,68,71,73,75,76,77,78,79,81,83,84,85,86,87,88,89,90,91,92,93,94,95,97,99
5,0,2,3,4,5,7,9,10,11,13,14,15,16,18,19,20,22,23,24,25,26,29,30,31,32,35,36,37,38,39,41,42,44,45,47,48,49,50,51,52,53,54,55,56,57,60,61,63,64,66,67,70,72,73,75,76,77,78,79,80,81,82,83,84,85,87,88,89,90,91,92,93,94,95,96,97,98,99
6,0,2,3,4,6,7,8,9,10,11,14,18,20,21,22,23,24,25,26,27,29,30,32,33,34,35,36,37,38,39,40,41,42,43,44,45,47,48,49,51,52,54,55,56,58,59,60,61,62,63,64,65,66,67,68,69,70,71,72,74,75,76,77,78,79,80,83,84,87,88,89,91,92,93,94,95,98,99
7,2,5,26,29,38,42,55,62,68,69,72,85,88,91,92,93,94,95,99
8,3,5,7,8,9,10,11,12,13,14,16,18,19,20,21,23,24,26,28,29,32,33,34,36,37,38,39,40,41,42,43,44,45,48,49,50,51,54,55,56,60,61,62,63,64,66,67,68,69,70,71,72,75,77,79,80,81,83,85,87,90,91,92,93,94,95,97,99
9,0,1,2,3,4,5,6,7,8,9,10,12,13,14,17,18,19,21,22,23,24,25,26,27,28,29,30,31,32,33,34,35,36,37,38,39,40,42,43,44,45,46,47,48,49,50,51,52,53,54,56,57,58,59,60,61,62,63,64,65,66,67,68,71,72,73,74,75,77,78,79,80,82,83,85,86,87,88,90,91,92,93,94,95,96,97,98
10,8,9,10,11,13,14,15,17,18,19,21,23,25,26,28,31,32,34,38,39,44,46,48,54,62,65,66,71,72,76,78,79,87,91,92,93,94,95,98
11,2,4,5,6,7,8,12,13,14,16,17,21,25,26,27,28,30,31,32,33,34,35,36,38,40,41,42,43,44,47,48,49,50,51,52,54,58,59,61,63,67,68,71,72,73,74,75,77,79,80,83,86,88,90,91,92,93,94,95,96,97,99
12,3,4,7,9,10,11,12,14,15,17,19,26,28,29,30,31,32,35,37,38,39,40,41,42,49,51,53,54,58,62,63,65,67,68,71,72,73,75,77,78,80,82,83,89,90,91,92,93,94,95,96,97,98
13,0,1,2,3,4,5,6,7,8,9,10,11,12,14,15,16,17,18,19,20,21,22,23,24,25,26,27,28,30,31,32,33,34,35,37,38,39,40,41,42,44,47,50,51,54,55,56,57,59,60,61,62,63,64,65,67,68,69,70,71,72,73,74,75,76,77,78,79,80,81,82,83,84,85,86,87,88,89,91,92,93,94,95,96,97,98
14,0,1,2,3,5,6,7,8,9,10,12,14,15,16,17,18,19,20,25,26,27,28,29,30,31,32,33,34,35,36,37,38,39,40,41,42,45,46,47,49,51,52,54,55,56,57,59,61,62,63,64,65,67,69,70,71,72,73,74,75,79,82,83,84,87,88,89,90,91,92,93,94,95,96,97,99
15,0,2,3,4,5,7,8,9,10,11,13,14,15,16,17,18,19,20,21,22,23,24,25,26,27,28,29,31,32,33,34,35,37,38,39,40,42,43,44,46,47,48,49,50,51,52,53,54,57,58,60,61,63,64,65,67,68,69,70,71,72,74,75,76,77,78,79,80,81,82,83,85,86,87,88,91,92,93,94,95,96,97,98,99
16,27,39,43,80,84,91,92,93,94,95
17,1,4,5,8,9,14,15,18,19,20,22,27,32,33,34,41,42,43,44,49,57,58,62,64,65,66,69,72,73,74,76,78,79,80,82,83,84,85,87,88,90,91,92,93,94,95,97,99
18,0,1,2,5,7,9,10,11,13,14,15,16,19,20,21,22,23,24,26,27,29,31,34,35,37,39,40,41,43,45,48,49,50,51,52,53,54,55,56,58,59,60,63,65,66,67,68,69,70,73,74,75,77,79,80,82,83,84,86,87,88,90,91,92,93,94,95,96,97,98,99
19,1,3,4,5,9,10,11,12,13,15,16,17,18,19,20,21,22,24,28,29,30,31,33,35,38,40,42,43,44,45,48,50,52,55,56,59,64,65,66,67,68,69,71,73,77,79,81,82,83,84,86,88,89,91,92,93,94,95,96,97,98,99
20,1,2,8,9,15,17,19,28,30,33,34,38,42,54,55,57,58,60,68,76,78,82,91,92,93,94,95
21,0,1,2,3,4,5,6,7,10,11,13,14,15,16,17,18,19,21,22,23,24,25,26,27,29,30,31,32,33,37,38,39,40,41,43,44,45,47,48,49,50,51,53,54,55,56,57,58,59,60,61,62,63,64,65,67,69,70,71,72,73,74,75,76,78,79,80,81,82,86,88,89,90,91,92,93,94,95,96,97
22,1,31,40,52,91,92,93,94,95,96
23,1,2,13,15,17,21,22,23,24,25,26,43,50,51,63,66,69,74,81,85,91,92,93,94,95
24,23,48,52,91,92,93,94,95
25,8,9,11,14,26,30,34,44,49,56,65,69,70,72,75,80,85,87,89,90,91,92,93,94,95,97,98
26,0,2,3,7,10,13,14,18,21,22,25,29,33,37,40,44,45,46,48,49,57,60,62,63,64,67,68,69,80,86,87,91,92,93,94,95,99
27,4,6,10,12,13,17,26,28,30,38,39,40,42,43,44,48,54,55,56,57,60,62,63,68,69,78,82,90,91,92,93,94,95,97,99
28,2,3,4,6,7,9,15,16,17,18,19,20,21,24,25,26,28,30,33,34,37,40,43,47,50,51,52,53,57,59,60,61,63,64,65,66,67,69,72,73,75,77,78,79,80,84,85,86,88,89,90,91,92,93,94,95,96,98,99
29,3,9,15,17,20,21,26,30,33,36,40,42,44,48,55,58,61,64,66,71,74,75,81,89,91,92,93,94,95
30,1,13,21,28,55,64,65,70,71,74,83,88,90,91,92,93,94,95,98,99
31,7,8,17,20,32,33,34,37,40,52,68,70,73,74,81,84,87,88,91,92,93,94,95,96,97
32,2,3,4,5,6,8,9,11,13,14,20,21,24,25,26,28,29,31,32,34,36,39,40,41,42,43,45,46,47,49,52,55,58,60,61,63,67,68,70,74,76,77,78,79,80,81,82,83,84,85,87,88,89,91,92,93,94,95,96,97
33,0,1,5,7,8,9,13,14,16,17,18,19,20,21,24,25,26,27,28,29,30,32,33,34,35,36,37,38,40,41,42,43,45,46,47,48,50,51,52,53,54,55,57,58,59,61,62,64,65,66,67,68,70,71,72,74,76,77,81,82,83,84,85,86,87,88,90,91,92,93,94,95,96,97,98,99
34,1,6,8,12,14,15,16,18,19,20,21,22,23,24,25,26,28,29,30,34,37,39,40,41,42,44,45,51,53,56,57,60,61,62,63,65,66,68,69,70,73,79,82,84,86,87,89,90,91,92,93,94,95,98,99
35,0,1,2,3,4,5,6,7,8,9,10,12,13,15,16,17,19,20,21,22,23,24,25,26,27,28,30,31,32,33,34,35,36,37,38,39,40,41,42,44,47,48,49,50,51,52,53,54,55,56,57,58,61,63,64,65,66,67,68,70,72,73,74,75,77,78,79,81,83,85,86,89,91,92,93,94,95,96,97,98,99
36,0,7,10,21,38,42,47,55,64,68,74,86,91,92,93,94,95,96
37,12,15,29,31,32,36,52,55,63,91,92,93,94,95,97,99
38,0,1,2,3,5,6,7,8,9,12,15,19,20,23,24,25,26,27,28,29,30,32,33,38,39,42,43,45,46,47,49,50,51,52,53,54,56,60,62,64,65,67,68,69,70,71,73,74,76,81,82,84,88,89,91,92,93,94,95,97,98
39,1,3,5,6,7,8,9,10,12,13,14,15,16,18,19,21,22,23,24,25,26,27,30,31,34,35,36,39,41,42,43,44,46,47,48,54,56,58,59,61,62,63,64,66,67,68,70,71,72,74,75,77,80,81,82,83,84,85,87,88,89,90,91,92,93,94,95,97,98,99
40,2,5,15,20,27,34,43,77,80,88,89,90,91,92,93,94,95
41,1,3,4,7,9,10,12,13,14,15,16,18,19,20,21,22,24,26,29,30,36,38,39,41,42,44,46,51,52,53,54,56,58,59,60,62,64,65,66,67,71,74,75,77,79,80,81,82,87,88,89,90,91,92,93,94,95,97,98
42,0,3,5,10,11,13,16,20,21,22,24,25,26,39,40,44,55,58,60,72,85,86,91,92,93,94,95,96
43,22,24,25,46,91,92,93,94,95
44,25,58,65,91,92,93,94,95
45,0,1,2,3,4,5,7,8,9,10,11,15,17,18,21,25,26,27,28,30,31,33,34,35,36,37,39,40,42,43,44,46,47,48,50,51,52,53,54,56,57,58,62,63,64,65,66,67,68,69,70,73,74,75,76,77,79,80,81,82,83,84,85,87,88,90,91,92,93,94,95,96,97,98,99
46,1,3,4,5,6,7,8,9,10,11,12,13,14,15,16,17,19,20,21,23,24,25,26,28,29,31,33,34,35,36,38,39,40,43,44,45,46,47,48,49,51,52,53,54,55,56,57,58,60,61,63,64,67,69,70,71,73,75,77,78,79,80,81,82,83,84,85,87,88,89,90,91,92,93,94,95,96,97,98,99
47,2,4,6,7,8,10,13,14,19,20,21,22,23,25,26,27,28,29,30,31,33,34,35,37,38,39,40,41,42,43,44,45,46,48,49,50,51,52,53,54,55,56,57,58,59,61,62,63,65,67,68,70,71,72,73,74,76,77,78,79,80,81,85,86,87,88,91,92,93,94,95,96,97,99
48,8,9,11,12,13,18,25,33,37,41,46,51,65,69,81,85,89,91,92,93,94,95,99
49,0,1,2,3,4,5,6,7,9,10,16,19,21,22,25,27,29,31,33,34,38,41,42,43,44,47,48,52,57,58,59,62,65,69,71,72,73,80,87,88,91,92,93,94,95,97,98,99
50,0,1,2,3,4,5,6,7,8,9,10,11,12,13,14,15,16,17,18,19,20,21,22,23,25,26,28,29,30,32,33,34,35,37,38,39,40,41,42,43,44,45,46,47,48,49,50,51,53,54,55,56,57,58,59,60,61,62,63,64,65,66,67,68,69,70,71,72,74,75,76,77,78,79,80,81,82,83,84,85,86,87,88,89,90,91,92,93,94,95,96,97,98,99
51,0,4,14,15,16,18,29,30,40,41,46,48,49,56,63,64,66,67,75,81,82,83,86,87,88,91,92,93,94,95,97,98
52,5,7,9,15,19,22,25,37,43,53,54,59,75,84,88,91,92,93,94,95,97
53,5,14,16,68,82,89,91,92,93,94,95
54,0,2,3,4,5,6,7,8,10,11,12,13,14,15,16,17,18,19,21,22,23,25,26,27,28,29,30,31,32,33,34,35,36,37,39,40,41,42,43,44,45,47,48,49,50,51,53,54,55,56,57,58,59,60,61,62,64,65,66,67,68,69,71,72,73,74,75,76,77,78,80,81,82,84,85,87,89,90,91,92,93,94,95,96,97,98,99
55,8,13,27,28,29,30,42,47,57,59,65,86,89,90,91,92,93,94,95
56,0,1,2,3,5,7,9,10,12,13,14,15,17,18,19,20,21,22,23,24,25,26,27,28,29,30,31,33,34,35,36,39,40,41,42,43,44,45,46,47,48,50,51,52,54,56,57,58,59,60,61,62,65,67,68,69,70,71,72,74,76,77,78,79,80,81,82,84,85,86,87,88,89,90,91,92,93,94,95,99
57,0,2,4,5,6,7,8,10,11,13,15,17,19,21,22,23,24,25,27,29,32,34,36,38,39,41,42,45,46,47,48,49,51,52,53,54,55,56,57,59,60,61,63,64,66,67,69,70,71,74,75,76,77,78,79,80,81,82,84,85,87,88,89,91,92,93,94,95,96,97,98,99
58,0,1,2,3,4,5,6,7,8,9,10,12,13,15,16,17,18,21,22,23,24,25,26,27,28,29,30,31,32,33,34,35,36,37,39,40,41,42,43,44,45,46,47,49,51,53,54,55,56,57,58,59,60,61,63,64,66,67,68,69,70,71,72,73,75,77,78,80,81,82,85,87,88,89,91,92,93,94,95,96,97,98,99
59,1,2,3,5,6,7,8,9,10,11,14,17,18,19,21,24,26,27,29,31,32,33,34,35,36,37,38,40,41,43,45,46,47,48,49,50,54,57,58,61,62,63,64,66,68,69,71,74,75,76,77,78,79,84,86,87,89,90,91,92,93,94,95,98
60,4,9,17,21,25,27,32,37,38,45,51,61,63,64,70,77,83,87,91,92,93,94,95,96,98
61,0,1,2,4,5,6,7,8,9,11,14,16,17,19,20,21,22,24,25,27,30,31,34,35,37,38,39,40,41,42,43,45,46,47,48,49,50,51,52,53,54,56,57,59,60,61,62,63,65,66,67,69,70,71,72,74,75,76,77,79,80,81,82,83,84,86,87,88,90,91,92,93,94,95,96,97,98,99
62,0,1,2,3,5,6,7,8,9,10,14,15,16,18,19,20,21,22,23,24,25,26,27,28,31,32,33,34,35,36,37,38,40,42,43,48,49,50,51,52,54,56,58,59,60,63,64,65,66,67,68,69,71,72,73,74,75,76,77,78,79,80,81,82,83,84,85,86,87,88,90,91,92,93,94,95,96,97,99
63,0,1,2,3,4,5,6,7,8,9,10,11,12,13,14,15,16,18,19,20,24,25,26,27,28,29,30,31,32,33,34,35,39,40,41,42,44,45,46,47,48,49,50,51,53,54,55,58,59,61,63,65,66,67,68,69,70,71,72,73,74,76,77,78,79,80,83,85,86,88,90,91,92,93,94,95,96,97,98,99
64,0,2,3,5,7,8,9,11,12,13,14,16,17,19,20,22,23,25,26,27,29,30,31,32,33,34,35,36,37,38,39,40,41,43,44,45,46,47,48,49,51,52,54,55,56,57,58,59,62,64,65,66,68,69,70,71,72,73,75,76,77,78,79,80,83,84,85,86,87,88,89,90,91,92,93,94,95,96,98,99
65,1,2,5,6,7,8,9,10,12,13,14,15,16,17,18,20,21,22,24,25,26,27,28,29,30,32,33,36,39,40,42,43,44,45,46,47,48,49,51,52,53,55,56,57,58,59,60,61,62,63,64,67,68,69,70,71,72,74,75,76,77,78,79,80,81,82,84,86,87,88,89,91,92,93,94,95,96,97,98,99
66,3,5,9,11,15,17,23,24,26,27,29,30,31,33,35,38,41,43,44,45,47,48,53,56,61,62,63,64,66,68,71,72,77,81,82,85,86,89,91,92,93,94,95,97,99
67,0,5,8,9,11,12,13,18,23,28,32,35,38,39,41,44,45,48,51,56,57,60,61,65,66,67,68,76,77,78,79,80,82,91,92,93,94,95,97,99
68,4,5,9,10,11,12,14,15,16,17,18,21,30,31,35,37,38,40,41,51,54,58,78,82,87,91,92,93,94,95
69,11,38,50,62,80,81,91,92,93,94,95
70,13,16,22,28,32,36,39,41,43,54,86,91,92,93,94,95
71,0,1,2,3,5,6,7,8,9,10,11,12,13,14,15,16,18,19,20,22,23,25,26,27,28,29,30,31,32,34,35,36,37,39,40,41,42,44,47,49,50,51,53,56,57,60,62,64,66,67,71,72,73,74,75,76,77,78,79,80,81,82,83,85,86,88,89,90,91,92,93,94,95,96,97,98,99
72,0,1,2,4,5,6,7,8,9,10,11,12,13,14,15,16,17,18,20,21,22,23,24,25,26,27,28,29,30,31,32,33,34,35,36,37,38,39,40,42,43,45,47,49,50,51,52,53,54,55,56,57,58,59,60,61,62,64,65,66,67,68,69,70,71,72,74,75,76,77,79,80,81,82,83,84,85,89,90,91,92,93,94,95,96,98,99
73,0,2,3,4,5,7,8,9,11,12,17,20,21,22,24,26,28,29,30,32,33,34,35,37,38,39,40,42,43,45,46,47,49,50,51,52,54,56,57,58,59,60,61,63,64,65,66,68,69,70,71,72,73,75,76,78,80,81,83,84,85,90,91,92,93,94,95,98,99
74,1,5,6,8,25,45,48,49,50,52,53,55,61,62,63,64,65,66,69,71,73,74,77,80,83,86,87,91,92,93,94,95,96,99
75,1,3,5,10,11,12,15,17,19,21,26,27,28,29,41,45,46,48,53,55,56,60,61,62,63,71,72,74,78,79,81,82,86,87,90,91,92,93,94,95,97,99
76,0,1,2,4,5,8,9,11,13,14,18,19,22,23,24,26,27,28,29,30,33,36,38,39,43,44,45,46,47,48,50,51,55,61,62,63,65,66,67,68,69,70,71,73,74,75,77,79,81,84,85,86,87,89,91,92,93,94,95,96,97,99
77,0,2,3,5,6,7,9,11,13,15,17,19,20,21,23,24,25,29,30,31,32,34,37,38,42,44,46,47,48,50,52,54,55,56,57,58,59,61,62,63,64,65,66,67,68,69,71,72,74,75,78,79,80,81,84,85,88,89,90,91,92,93,94,95,96,99
78,0,1,3,6,7,8,9,10,11,12,13,14,15,17,18,19,20,21,23,24,26,28,31,38,41,42,44,46,47,48,50,51,52,58,62,63,66,67,68,70,72,75,77,82,83,84,87,88,90,91,92,93,94,95,97,98
79,0,2,4,7,8,10,17,19,20,23,24,28,29,30,32,33,37,39,50,51,52,54,57,58,60,62,65,66,69,70,72,74,76,82,88,89,91,92,93,94,95
80,0,1,2,3,4,5,7,8,9,10,12,13,14,15,17,18,19,20,21,22,23,24,26,27,28,29,30,31,32,33,34,35,36,37,38,39,40,41,42,43,44,45,46,47,48,49,50,51,52,53,56,57,58,59,60,61,62,63,64,65,66,67,68,69,70,71,72,73,74,75,76,78,79,80,81,82,84,85,86,88,89,90,91,92,93,94,95,96,99
81,3,5,6,9,10,13,14,15,16,19,20,21,22,28,30,32,33,35,36,37,39,40,42,45,47,48,50,51,52,54,57,58,60,61,63,64,65,67,69,70,73,74,76,77,78,81,84,85,87,89,91,92,93,94,95,96
82,1,3,5,6,7,8,9,10,11,12,13,14,16,19,20,21,23,24,25,26,27,28,29,30,31,34,35,39,40,41,45,46,47,48,49,50,52,53,54,56,57,58,59,60,62,63,65,68,69,70,72,73,74,75,76,77,78,79,80,81,82,83,88,89,90,91,92,93,94,95,96,97,98
83,0,1,2,3,4,5,6,7,8,10,12,13,18,20,22,24,25,26,30,31,32,33,34,38,40,44,46,48,49,50,53,54,55,56,57,59,60,61,64,66,67,68,69,70,71,72,78,79,80,81,86,88,90,91,92,93,94,95,96,98,99
84,0,1,3,4,9,11,16,17,19,22,27,28,30,36,38,39,40,42,43,44,46,53,54,55,57,59,60,62,64,66,76,77,78,84,86,87,90,91,92,93,94,95,96,97
85,1,3,8,11,14,16,17,23,24,26,29,30,31,35,36,37,38,39,40,41,43,44,46,49,50,51,52,55,57,58,59,60,62,64,66,68,71,76,78,80,82,90,91,92,93,94,95,97,98
86,1,2,3,4,5,7,8,9,10,11,12,13,14,16,17,18,20,22,23,25,26,27,28,29,32,33,34,35,36,37,38,40,41,42,44,45,46,47,49,50,51,52,54,55,56,57,58,59,60,61,62,63,64,65,66,68,69,70,71,72,73,74,76,77,78,79,80,81,82,83,84,85,86,87,88,89,90,91,92,93,94,95,96,97,98,99
87,1,2,3,4,6,7,9,10,12,13,14,15,16,17,18,19,20,21,22,23,24,25,26,27,28,29,30,31,32,33,34,35,37,38,39,41,42,43,44,45,46,47,48,49,50,51,52,53,55,56,57,59,60,61,62,63,64,65,66,67,69,70,71,73,74,75,76,77,78,79,80,81,82,85,86,87,88,89,90,91,92,93,94,95,96,97,98,99
88,1,3,4,6,7,9,10,11,13,16,18,19,21,24,32,34,35,36,37,39,42,43,44,47,51,52,53,56,57,60,63,69,70,71,72,73,75,77,78,80,81,85,87,88,89,90,91,92,93,94,95,96,97
89,0,1,2,3,4,5,6,7,8,10,11,12,13,14,16,17,18,19,20,21,23,24,25,26,27,28,29,31,32,33,34,35,36,37,38,39,40,41,42,43,44,45,46,47,48,49,50,51,53,54,55,56,57,58,59,60,61,62,63,64,65,66,67,68,69,70,71,72,73,74,75,76,77,78,79,81,82,83,84,85,86,87,88,89,90,91,92,93,94,95,96,97,98,99
90,1,2,5,7,10,21,26,27,28,29,30,32,33,36,42,43,49,51,53,54,55,56,57,59,60,63,70,71,72,73,82,86,87,88,90,91,92,93,94,95
91,5,7,8,9,11,14,15,16,18,26,31,32,33,39,42,46,49,50,51,53,55,59,62,64,65,70,71,72,73,74,76,84,86,87,89,90,91,92,93,94,95,97,98
92,0,2,5,6,7,9,10,13,14,15,17,18,20,21,22,23,28,29,33,34,36,39,40,42,44,47,49,52,54,55,57,58,59,61,62,63,65,67,68,69,71,73,74,75,78,81,82,84,85,86,88,89,91,92,93,94,95,96,97,98
93,12,23,52,55,58,67,71,85,91,92,93,94,95,98
94,0,2,3,5,8,11,12,13,15,16,18,19,20,21,24,25,26,27,28,30,34,36,37,38,39,41,42,44,45,46,48,49,50,51,54,55,59,64,65,66,68,69,70,71,73,74,77,78,79,80,81,82,85,87,88,89,90,91,92,93,94,95,97,98,99
95,3,4,5,6,10,11,12,16,19,21,23,26,27,31,32,34,37,42,46,47,56,57,58,61,65,72,73,75,77,80,82,83,85,87,89,90,91,92,93,94,95,96
96,1,2,4,7,8,11,12,13,14,16,17,19,21,22,25,26,27,28,29,31,33,34,35,37,38,39,40,41,45,46,47,48,49,50,51,55,59,61,62,63,65,66,67,68,69,70,71,73,75,76,77,80,83,85,86,87,89,90,91,92,93,94,95,97,98,99
97,0,1,2,3,4,5,6,7,8,9,10,11,12,13,14,15,16,17,18,19,20,21,22,23,24,26,27,29,30,31,32,33,34,35,36,37,38,39,40,41,42,43,44,46,47,48,49,50,51,52,53,54,55,56,57,58,59,60,61,62,63,64,65,66,67,68,69,70,71,72,73,74,75,76,77,78,79,81,82,83,84,85,86,87,88,89,90,91,92,93,94,95,96,98
98,0,2,3,6,7,8,9,10,14,17,19,20,21,22,27,31,32,33,35,39,40,42,43,45,46,47,49,50,51,59,61,63,64,65,66,67,68,69,73,74,77,78,80,82,83,87,88,91,92,93,94,95,97,98
99,0,1,2,3,5,6,10,12,13,14,15,17,18,19,20,21,23,24,26,27,28,29,30,32,34,35,37,38,42,43,44,45,46,47,48,50,52,53,54,56,59,60,61,65,66,67,68,69,70,71,72,73,76,77,79,80,81,82,83,84,86,88,91,92,93,94,95,96
100,2,3,4,6,7,8,9,15,20,25,26,27,29,30,32,34,41,42,43,44,48,49,50,51,52,54,56,60,65,66,69,70,73,75,77,78,82,83,84,85,87,88,90,91,92,93,94,95,97,98,99
101,2,3,4,5,6,7,11,13,14,15,17,18,19,20,21,22,23,25,26,29,30,31,33,34,35,36,37,38,42,43,44,45,46,47,48,50,51,52,53,54,56,58,59,60,61,62,63,64,65,66,67,68,70,71,73,74,75,77,78,79,81,82,83,85,86,87,88,89,90,91,92,93,94,95,96,98
102,0,2,3,4,5,6,8,9,10,11,13,14,15,16,18,19,20,21,23,24,27,29,30,32,33,34,35,36,40,41,45,46,47,48,51,52,53,54,55,56,57,58,59,62,63,65,66,67,71,72,73,74,75,80,82,83,84,88,90,91,92,93,94,95,96,99
103,1,2,3,4,6,7,8,10,11,12,13,14,16,17,18,20,21,23,24,26,29,33,34,35,38,39,40,43,44,46,47,50,53,54,55,57,58,59,60,62,64,65,66,67,69,70,71,73,75,77,78,80,82,84,85,86,87,88,89,90,91,92,93,94,95,96,99
104,0,1,2,4,7,9,10,11,12,13,14,15,16,17,18,19,20,21,22,23,24,25,27,28,29,30,31,32,33,34,35,36,38,39,40,41,42,43,44,45,46,47,48,49,50,51,53,54,56,57,58,60,61,62,63,64,65,66,67,68,69,70,71,74,75,76,78,79,80,81,82,83,87,89,90,91,92,93,94,95,97,98,99
105,0,1,3,4,5,6,7,8,9,11,13,14,16,17,18,19,21,22,23,24,26,27,28,30,31,34,35,37,38,39,40,41,44,47,49,50,51,52,53,54,55,56,57,59,61,62,63,64,66,67,68,71,73,74,76,78,79,81,82,83,84,85,86,88,90,91,92,93,94,95,96,97,98,99
106,0,6,7,12,16,17,23,24,27,30,39,40,42,43,50,57,66,79,82,88,91,92,93,94,95,96
107,0,1,2,3,4,7,9,11,13,14,15,16,17,18,19,20,22,23,24,25,27,29,30,32,33,34,35,36,40,44,46,47,51,53,57,59,60,63,65,66,68,71,72,74,75,77,78,79,80,81,84,85,88,89,91,92,93,94,95,96,97,98
108,0,2,3,4,5,10,19,21,22,23,27,31,32,37,38,39,40,42,48,49,50,52,53,56,57,58,59,63,65,66,67,68,69,71,73,76,79,81,83,85,86,88,89,90,91,92,93,94,95,96
109,0,1,2,3,4,7,8,10,12,13,14,16,17,18,19,20,22,23,24,25,26,27,29,31,32,33,34,35,36,37,38,39,40,41,42,44,47,48,49,50,51,52,53,54,56,57,58,59,60,61,62,63,64,65,66,67,68,69,70,71,72,73,74,75,76,77,78,79,80,81,82,86,87,88,89,90,91,92,93,94,95,96,97,98,99
110,0,3,6,8,9,13,16,18,21,22,23,26,31,32,34,38,41,42,43,44,45,49,50,51,54,56,57,58,60,61,62,65,73,75,81,83,84,86,87,90,91,92,93,94,95,99
111,0,1,2,3,4,6,7,8,9,10,11,12,15,16,17,18,19,20,22,23,24,25,26,27,28,29,30,31,32,33,34,35,36,37,39,40,42,43,44,45,46,47,48,49,50,51,52,53,54,55,56,57,59,60,61,62,63,64,65,68,69,70,72,73,74,75,76,77,78,79,80,81,83,84,86,87,89,90,91,92,93,94,95,96,97,98,99
112,0,1,3,4,5,7,9,11,12,13,15,16,17,18,21,23,24,26,28,29,30,31,32,33,34,35,38,39,41,42,43,48,52,53,55,56,57,59,60,64,65,66,67,68,69,71,73,74,75,76,77,79,80,82,83,84,85,86,87,89,90,91,92,93,94,95,96,98,99
113,0,2,3,4,7,8,9,10,11,12,13,14,15,16,18,19,20,21,22,24,25,26,27,28,30,33,35,36,37,38,39,40,41,44,45,46,47,48,49,50,51,52,53,54,55,56,57,58,59,60,61,62,63,64,65,67,68,69,70,71,72,73,74,75,76,77,78,79,80,81,82,83,84,85,86,87,89,90,91,92,93,94,95,96,97,98,99
114,0,1,2,3,4,5,6,7,9,10,11,12,13,14,15,17,18,20,21,23,24,25,27,28,32,34,35,36,37,40,41,42,43,44,45,46,48,50,52,53,54,55,56,57,58,59,61,63,64,65,66,67,68,69,70,73,74,75,76,79,80,82,84,85,86,87,88,89,91,92,93,94,95,96,97,98
115,0,1,2,3,4,5,7,8,10,11,12,13,14,16,17,19,20,21,22,23,24,25,26,28,29,30,31,32,33,35,36,38,42,44,45,46,47,48,49,50,51,52,53,54,55,56,57,58,59,60,62,63,64,65,66,67,68,69,71,72,73,74,75,76,77,78,79,81,82,86,88,89,91,92,93,94,95,96,98,99
116,2,6,8,9,11,20,21,24,26,27,30,46,47,53,54,60,62,63,82,85,87,89,91,92,93,94,95,96
117,0,1,2,3,4,7,9,10,11,12,13,14,15,16,17,18,19,20,23,24,26,27,29,30,31,34,35,37,38,41,46,48,50,53,55,58,59,60,63,64,65,68,69,71,72,74,75,76,77,78,80,81,83,90,91,92,93,94,95,98,99
118,0,1,2,3,4,7,8,9,10,11,13,14,15,17,18,19,20,21,22,23,24,25,28,29,30,31,33,34,35,36,37,39,40,41,42,43,45,46,47,48,49,50,51,52,53,54,55,56,57,58,59,60,61,62,63,64,66,68,69,70,71,72,73,74,75,76,77,78,79,80,82,83,84,85,86,87,88,89,90,91,92,93,94,95,96,97,98
119,0,1,2,3,4,5,6,8,9,10,11,12,13,14,15,16,17,18,19,20,21,22,23,24,25,26,27,28,29,31,32,33,34,35,36,37,38,39,40,41,42,43,44,45,46,47,48,49,50,51,52,53,54,55,56,57,60,61,62,63,65,66,68,69,70,71,72,73,74,75,76,77,78,79,80,81,82,83,84,85,86,88,89,90,91,92,93,94,95,96,97,98,99
120,1,3,5,6,7,12,13,19,20,21,23,24,27,36,38,41,44,45,49,55,57,61,62,64,67,68,74,75,77,82,85,89,91,92,93,94,95
121,0,1,2,3,4,5,6,7,8,11,12,13,15,17,18,21,23,24,25,28,29,31,32,34,35,36,37,38,39,40,42,44,46,49,50,51,53,54,55,56,58,59,61,62,63,65,66,67,68,69,72,75,77,78,79,81,82,83,84,85,86,87,88,89,91,92,93,94,95,97,98
122,0,1,3,6,8,9,10,14,15,20,22,32,33,38,47,50,57,62,66,72,73,80,81,85,91,92,93,94,95,98
123,0,1,2,4,5,6,7,8,10,11,12,14,15,16,17,19,20,21,22,23,24,26,27,29,30,32,33,34,36,37,38,39,40,41,42,43,46,47,49,50,51,52,53,54,55,58,59,60,61,62,63,64,65,67,68,69,71,72,73,74,75,76,77,79,81,82,85,86,88,89,90,91,92,93,94,95,96,97,98,99
124,1,2,3,4,6,7,8,9,10,11,13,14,15,16,20,24,26,27,31,33,36,38,40,41,42,43,44,45,46,47,48,49,50,52,53,55,62,66,67,71,72,74,76,77,78,79,83,84,85,86,87,88,89,91,92,93,94,95,96,98
125,2,8,14,28,29,31,32,39,44,48,56,57,63,66,76,84,88,91,92,93,94,95,96
126,1,3,5,11,12,17,18,20,23,26,27,29,30,39,51,52,54,67,71,78,83,86,88,90,91,92,93,94,95,96,97
127,0,3,4,5,6,8,9,10,11,13,15,17,18,19,21,22,24,25,26,28,29,30,31,32,34,35,36,37,38,39,40,41,42,43,44,46,48,49,50,51,52,53,54,58,59,60,61,62,63,64,65,67,69,70,71,75,77,78,79,80,81,82,83,85,87,88,89,90,91,92,93,94,95,96,97,98
128,0,6,14,16,39,49,59,63,65,72,78,83,85,91,92,93,94,95
129,0,1,6,10,15,30,31,32,36,37,38,39,41,51,52,53,56,58,61,62,68,73,74,75,85,88,89,91,92,93,94,95
130,0,1,2,3,4,5,6,7,8,9,10,11,12,13,15,16,18,19,20,21,22,23,25,27,28,30,31,32,34,35,36,37,38,39,40,41,42,44,45,46,47,48,50,51,52,53,55,56,57,58,59,60,61,62,63,64,65,66,67,68,69,70,71,73,74,75,76,77,80,81,82,83,85,86,88,89,90,91,92,93,94,95,96,97,98,99
131,0,8,14,19,28,32,45,48,49,50,60,70,71,72,76,79,80,81,89,91,92,93,94,95,98
132,0,1,2,3,4,5,6,7,8,9,10,11,12,13,14,16,17,18,19,20,21,22,23,24,25,26,27,28,29,31,33,35,36,37,38,40,41,42,43,44,46,47,49,50,52,53,54,55,56,59,62,63,64,65,67,68,70,71,72,73,77,78,80,81,82,84,85,86,88,90,91,92,93,94,95,96,97,98,99
133,0,2,3,4,5,6,7,9,10,11,12,13,14,15,16,17,18,19,20,21,22,23,24,25,26,27,28,29,30,31,32,34,35,36,37,38,39,40,41,42,44,45,46,47,48,49,50,51,52,55,56,57,58,59,60,61,63,64,65,66,67,68,69,70,71,72,73,74,75,76,77,78,79,81,82,83,84,85,86,87,88,89,90,91,92,93,94,95,96,97,98,99
134,1,5,9,17,19,21,23,25,26,27,29,30,31,35,36,38,40,44,45,47,50,52,55,57,59,62,65,66,67,68,69,70,73,74,76,78,79,80,82,83,84,85,88,91,92,93,94,95,98
135,0,4,7,9,10,11,13,14,15,20,26,29,32,34,36,37,51,52,55,58,59,71,73,77,83,84,85,86,87,90,91,92,93,94,95
136,7,8,9,10,11,15,23,29,31,32,49,55,61,67,79,83,84,88,90,91,92,93,94,95
137,3,19,38,56,75,82,91,92,93,94,95
138,2,3,5,9,11,13,14,17,20,23,34,36,39,45,47,49,53,58,69,76,78,80,85,91,92,93,94,95,97
139,4,7,9,10,11,23,28,37,39,40,42,43,46,50,51,55,56,57,58,59,60,62,64,70,72,74,76,78,79,80,81,82,83,86,87,88,90,91,92,93,94,95
140,0,13,37,44,63,88,91,92,93,94,95,96
141,3,5,6,7,9,10,11,12,13,15,17,19,20,24,25,29,30,31,35,36,38,40,41,42,43,44,45,50,52,53,54,55,58,62,65,68,69,71,72,74,75,76,78,80,82,83,84,85,86,89,90,91,92,93,94,95,96,98
142,3,9,10,16,18,20,21,22,24,27,31,32,36,44,49,50,51,53,59,61,67,68,69,72,74,78,84,85,86,88,91,92,93,94,95,96
143,1,2,4,5,6,7,9,10,11,12,13,14,15,16,17,18,19,20,22,23,24,25,26,27,28,29,30,31,32,33,34,35,37,39,40,41,42,43,44,45,46,47,48,49,50,51,52,53,54,55,57,58,59,60,61,62,63,64,65,66,67,68,69,70,71,73,74,76,77,78,79,80,81,82,83,84,85,86,87,88,89,90,91,92,93,94,95,96,97,98,99
144,1,2,3,6,7,8,10,11,12,13,14,15,16,17,23,25,27,28,30,32,33,37,40,41,42,43,44,46,47,48,49,50,51,55,56,57,58,59,60,61,62,63,64,65,68,73,74,75,76,77,80,83,86,87,88,89,90,91,92,93,94,95,96,98,99
145,0,1,2,3,4,5,6,7,9,10,11,12,13,15,16,17,19,20,21,23,24,28,29,30,31,32,33,34,35,36,37,38,39,40,41,42,43,44,45,46,48,49,50,52,53,54,55,56,57,58,59,60,61,62,63,64,65,68,70,71,72,73,74,75,77,78,79,80,81,82,83,84,86,87,88,90,91,92,93,94,95,96,98,99
146,0,1,2,3,4,6,7,8,9,10,11,12,14,16,18,19,20,21,22,23,25,26,27,28,30,31,32,33,36,37,38,39,40,41,42,43,44,45,47,49,50,51,52,53,54,55,56,57,58,59,60,61,62,63,64,65,66,67,68,70,71,72,73,74,75,76,77,79,80,81,82,83,84,85,86,87,88,89,90,91,92,93,94,95,96,98
147,0,45,46,65,77,91,92,93,94,95
148,0,4,5,7,9,15,17,20,32,36,37,39,44,45,46,47,49,50,54,57,61,63,66,69,71,75,76,80,81,82,84,85,90,91,92,93,94,95,97
149,3,5,19,34,40,47,91,92,93,94,95
150,1,2,3,7,8,10,12,14,16,18,23,26,29,30,32,34,35,38,41,44,45,46,47,49,50,52,53,55,58,59,60,61,62,63,64,65,69,75,78,79,80,84,86,87,90,91,92,93,94,95,97,98
151,5,7,9,13,18,23,24,26,31,37,42,43,56,58,68,71,74,75,79,86,87,88,90,91,92,93,94,95,97
152,0,1,2,5,6,8,10,11,12,13,14,15,16,20,22,23,24,25,26,27,28,29,31,32,33,34,35,36,37,38,39,40,41,42,45,48,49,50,51,53,54,57,59,63,64,65,66,67,68,69,70,71,72,73,76,77,78,79,80,81,82,83,84,86,88,89,90,91,92,93,94,95,97
153,8,10,18,22,23,41,50,59,61,73,77,84,91,92,93,94,95,97,98
154,4,8,10,11,12,15,19,20,28,31,40,41,43,47,60,66,72,74,78,85,86,88,89,91,92,93,94,95,97
155,0,1,3,4,5,6,7,14,15,16,17,20,24,26,30,32,33,34,35,36,37,39,42,44,47,48,52,54,55,59,60,61,64,66,70,72,74,76,77,79,80,82,86,87,88,89,91,92,93,94,95,96,98,99
156,4,5,10,18,19,20,23,28,33,36,41,42,46,47,48,52,54,61,62,66,67,69,75,76,77,79,80,81,84,89,90,91,92,93,94,95,96
157,0,1,3,4,5,6,8,9,10,15,16,17,18,19,20,21,22,23,26,27,28,29,30,31,33,34,35,37,38,39,40,44,45,46,48,49,50,52,53,54,55,56,57,58,60,62,63,64,65,66,67,68,71,72,73,74,75,76,77,78,79,80,82,83,84,86,87,88,89,90,91,92,93,94,95,96,97,98,99
158,0,2,3,4,5,6,8,14,19,20,21,23,24,25,27,28,35,36,38,40,41,42,44,46,47,48,49,50,52,53,54,56,58,60,62,63,64,65,66,67,69,70,72,73,75,77,78,80,81,82,83,84,85,86,87,88,89,91,92,93,94,95,97
159,2,3,6,7,8,10,11,13,14,15,16,17,18,19,23,24,25,30,31,32,33,35,36,38,39,43,44,47,48,49,50,52,53,54,55,56,57,58,59,60,61,64,66,67,69,70,72,73,76,77,80,82,83,85,86,87,88,89,91,92,93,94,95,97,98,99
160,6,7,8,10,13,16,19,38,39,49,51,59,60,61,62,65,66,69,71,74,82,87,90,91,92,93,94,95
161,13,18,19,24,29,33,53,55,57,62,67,77,91,92,93,94,95,97
162,0,1,3,7,8,9,10,11,12,14,17,18,19,21,22,24,31,32,34,35,36,38,39,42,43,46,47,48,49,51,52,53,57,58,59,63,65,68,69,70,72,74,75,77,78,80,81,82,83,85,86,87,89,90,91,92,93,94,95,97,99
163,1,5,8,11,18,19,24,33,35,36,37,38,49,55,59,61,62,65,66,74,78,82,83,84,87,91,92,93,94,95,97,98
164,4,5,7,9,10,11,13,14,18,20,22,23,24,25,26,29,31,32,34,35,37,38,39,40,41,42,45,46,47,49,50,52,53,54,55,56,58,59,62,65,67,68,69,72,75,76,78,79,80,81,83,84,85,87,88,90,91,92,93,94,95,96,97,98,99
165,3,5,7,10,13,23,24,28,29,31,33,35,38,42,49,53,56,59,66,70,79,81,85,91,92,93,94,95,97
166,2,9,27,60,63,65,68,69,70,90,91,92,93,94,95
167,1,2,3,4,8,12,16,18,20,21,22,24,25,26,27,29,30,31,33,34,35,36,37,38,39,40,44,45,46,47,48,49,50,51,52,53,54,57,58,59,60,62,65,66,68,69,70,71,73,74,75,76,77,79,81,82,84,85,89,90,91,92,93,94,95,96,97,98,99
168,0,2,3,4,5,6,7,8,9,10,11,12,14,15,16,19,20,21,22,23,24,25,26,27,28,30,31,32,33,34,35,36,37,38,39,40,41,42,43,44,45,46,47,48,49,50,51,52,53,56,58,59,61,63,64,65,67,70,71,72,73,75,76,77,79,80,81,82,83,85,87,89,91,92,93,94,95,96,97,98,99
169,1,2,3,4,5,6,7,8,9,10,12,14,15,16,17,18,19,20,22,24,25,26,27,28,29,31,33,34,35,36,38,39,40,41,42,43,45,46,47,48,49,50,51,52,53,55,57,58,59,62,63,65,66,68,70,71,72,73,74,77,79,80,81,82,83,84,85,86,87,88,89,90,91,92,93,94,95,96,98
170,0,1,2,4,5,6,7,8,9,10,12,13,14,15,16,17,18,20,21,22,23,24,25,26,27,28,29,30,31,32,33,34,35,36,37,38,39,40,41,42,43,44,45,46,47,48,50,51,53,54,55,56,57,58,59,60,61,62,63,64,65,66,67,68,69,70,71,72,73,74,75,77,78,79,80,81,83,84,85,86,87,88,89,90,91,92,93,94,95,96,97,98,99
171,1,2,3,4,5,8,9,10,12,13,17,18,19,20,22,23,24,25,26,28,30,34,37,39,40,41,43,44,45,46,47,48,51,55,56,57,58,61,62,64,65,68,69,70,74,75,76,77,78,79,80,81,83,84,85,86,87,89,91,92,93,94,95,97,98,99
172,17,22,33,34,40,48,51,52,54,56,57,68,77,78,80,81,82,88,90,91,92,93,94,95
173,0,1,3,4,5,6,7,8,9,10,12,14,15,17,22,25,26,27,28,29,31,32,33,34,35,37,39,41,44,46,48,50,51,52,55,56,58,59,60,63,64,65,66,67,69,70,71,72,73,75,77,78,79,80,82,83,84,85,86,87,88,89,90,91,92,93,94,95,97,98,99
174,3,6,7,8,10,11,12,13,20,21,23,25,26,29,30,31,32,37,40,44,45,48,54,56,57,58,61,62,64,65,67,68,69,70,71,72,73,75,80,81,82,83,84,85,88,91,92,93,94,95,97,99
175,2,3,4,13,14,15,17,19,21,24,26,28,36,42,48,49,51,61,62,64,65,67,68,71,73,76,89,91,92,93,94,95,96,97
176,0,1,2,3,4,5,6,8,9,10,11,14,15,17,18,19,20,22,24,25,26,27,28,29,30,32,33,34,36,37,38,39,42,43,44,45,46,47,48,49,50,51,52,53,54,55,56,57,58,59,60,61,63,64,65,66,67,68,69,70,71,72,74,75,76,78,79,81,82,83,84,85,87,88,89,90,91,92,93,94,95,96,97,98,99
177,0,1,2,3,4,5,6,7,8,9,11,13,14,16,17,18,19,20,21,22,23,25,26,27,28,29,30,35,36,37,38,39,40,41,42,45,46,47,48,51,52,53,55,59,60,61,62,64,65,67,68,70,72,73,74,76,77,78,83,84,86,88,89,90,91,92,93,94,95,98
178,0,1,2,3,5,6,7,9,10,12,15,16,21,23,24,26,27,28,29,31,33,34,38,39,45,46,47,49,51,55,57,58,60,64,65,69,71,73,77,78,79,80,82,83,84,85,86,88,89,90,91,92,93,94,95,99
179,0,1,2,3,4,5,6,7,8,9,10,11,12,13,14,15,16,17,18,19,20,21,22,23,24,26,28,29,30,33,34,35,36,37,38,39,40,41,42,43,44,45,46,47,48,49,50,51,52,53,54,55,56,57,58,60,62,63,64,65,66,67,68,69,70,71,72,74,75,76,77,78,79,80,81,82,83,84,86,87,88,89,90,91,92,93,94,95,96,97,98,99
180,0,1,2,3,4,5,7,8,9,10,11,12,13,14,15,16,17,18,19,20,21,22,23,25,26,27,28,29,30,31,32,33,34,35,36,38,39,40,41,42,43,44,45,46,47,48,49,50,51,52,53,54,55,56,58,59,60,61,62,63,64,65,66,67,68,69,70,71,72,73,74,75,76,78,79,80,81,82,83,84,85,86,87,88,89,90,91,92,93,94,95,96,97,98,99
181,0,2,5,6,8,9,12,16,17,18,19,24,27,28,32,33,34,40,41,42,43,44,45,48,50,52,58,59,60,61,64,65,67,68,70,71,72,75,77,78,79,82,83,84,85,88,89,91,92,93,94,95,96,97,98,99
182,0,1,2,3,4,6,7,9,10,11,13,14,15,16,18,19,20,21,22,23,24,25,27,28,29,30,31,32,33,35,36,37,38,39,41,42,43,44,45,46,47,48,50,51,52,53,54,55,57,58,60,61,62,63,64,65,68,69,70,71,72,74,75,76,77,78,80,81,82,83,84,85,86,87,88,89,90,91,92,93,94,95,96,97,98,99
183,2,7,8,19,20,22,26,30,32,33,34,35,38,47,48,52,56,59,61,67,68,69,71,73,74,78,79,81,82,83,85,87,91,92,93,94,95,99
184,0,1,2,3,5,6,7,8,9,13,15,16,17,19,21,22,23,24,25,26,27,28,29,30,32,33,36,37,38,39,40,42,43,44,46,47,49,50,52,55,58,59,60,62,63,65,66,67,69,70,72,76,77,80,81,82,83,84,89,90,91,92,93,94,95,96,97,98
185,3,5,7,8,10,12,13,14,15,17,18,20,24,25,26,29,31,32,35,36,37,38,39,41,44,45,46,47,48,51,53,55,59,63,64,66,67,68,70,73,74,76,77,78,81,83,84,85,86,88,91,92,93,94,95,97,98,99
186,39,52,73,91,92,93,94,95
187,0,1,2,3,4,5,6,7,8,9,10,11,12,13,14,15,16,17,18,19,20,21,22,23,25,26,27,28,29,31,32,33,34,35,36,37,38,39,40,42,43,44,45,46,47,50,51,52,53,54,55,56,57,58,60,61,62,63,64,65,66,67,68,70,71,73,74,76,78,79,80,82,83,84,85,87,88,89,90,91,92,93,94,95,96,97,98,99
188,0,4,6,7,9,10,16,18,19,20,21,22,23,24,26,27,28,29,30,31,32,33,34,35,38,39,41,42,43,46,47,49,50,51,54,56,57,58,59,60,62,63,65,66,67,68,69,70,72,73,74,75,76,77,78,80,81,83,86,87,91,92,93,94,95,96,98,99
189,2,4,5,8,9,12,13,15,18,19,21,22,23,33,34,42,43,45,46,47,51,52,66,73,75,76,79,82,83,84,91,92,93,94,95,96,98
190,0,1,3,4,6,7,8,9,10,11,12,15,16,17,18,23,24,25,26,27,29,31,32,33,35,36,37,38,39,40,41,42,43,44,45,46,47,48,49,50,51,53,54,55,57,59,60,61,62,63,64,65,66,67,68,69,70,71,72,73,74,75,76,78,79,80,81,82,83,84,86,87,88,90,91,92,93,94,95,96,97,98,99
191,0,1,2,3,4,5,6,10,12,13,15,16,17,19,20,21,22,23,24,25,26,27,28,29,30,32,33,34,35,36,38,39,40,41,42,44,45,49,50,51,54,56,57,58,59,61,63,65,67,68,70,71,75,76,78,79,80,84,86,88,89,90,91,92,93,94,95,96,97,99
192,0,2,4,5,6,9,10,12,15,17,18,19,20,21,22,23,24,26,28,29,30,32,33,35,37,38,40,41,43,44,45,49,51,52,53,56,57,61,62,65,66,67,68,69,71,72,73,74,75,76,77,79,82,83,84,85,87,88,89,91,92,93,94,95,96,98
193,4,8,10,12,13,18,19,21,23,24,27,30,33,36,38,39,41,44,47,48,50,51,54,59,61,64,65,66,68,70,71,74,75,77,79,81,83,90,91,92,93,94,95,96,99
194,1,2,3,4,5,9,10,11,12,14,15,17,18,21,22,23,25,27,29,32,33,34,35,36,37,38,39,40,41,42,43,44,45,49,50,51,54,58,59,60,61,62,64,66,68,70,72,73,74,75,78,81,83,85,86,88,90,91,92,93,94,95,97,98,99
195,2,3,5,6,7,8,9,11,12,13,14,15,16,17,18,19,20,21,22,24,26,27,28,29,30,31,32,33,34,35,36,37,38,40,41,42,43,44,45,46,47,48,49,54,56,57,58,61,62,63,64,66,67,68,69,72,73,74,77,78,79,82,83,85,86,87,88,89,90,91,92,93,94,95,96,97,98,99
196,15,23,42,60,65,68,71,72,75,81,91,92,93,94,95
197,1,6,8,11,12,13,14,19,25,29,31,35,43,51,52,53,67,68,70,76,78,79,81,82,85,86,91,92,93,94,95,99
198,0,1,2,3,6,7,8,10,11,12,14,15,17,18,20,21,22,24,25,26,27,30,31,32,34,35,37,38,39,40,41,42,46,48,49,50,51,53,56,57,58,62,63,64,65,66,68,70,72,73,74,75,76,77,78,79,80,81,83,84,86,87,88,89,90,91,92,93,94,95,97,99
199,0,2,3,4,5,6,8,10,12,13,14,16,17,18,21,22,23,25,26,27,28,29,30,31,32,33,35,36,37,38,39,42,43,44,45,46,47,49,50,52,54,55,56,57,58,59,61,63,64,66,67,68,69,72,73,75,76,78,79,82,83,84,87,88,90,91,92,93,94,95,97,98,99
200,0,2,5,6,7,8,9,10,14,17,19,20,22,23,24,25,27,28,30,31,32,33,36,37,39,40,41,42,43,45,47,48,49,50,53,54,55,57,58,59,60,61,62,65,67,68,69,70,72,74,76,77,78,81,83,85,86,87,88,89,91,92,93,94,95,97,98
201,0,1,2,4,5,8,9,11,12,13,14,15,16,17,18,19,20,21,22,23,24,25,26,27,28,29,30,31,32,33,34,35,36,37,38,39,40,41,42,43,44,45,46,47,48,49,50,52,53,54,56,57,58,59,60,61,62,63,64,65,66,67,68,69,70,71,72,73,74,75,77,78,79,80,81,83,84,85,86,87,88,89,90,91,92,93,94,95,96,97,98,99
202,0,1,2,3,5,7,11,13,14,15,16,17,18,19,20,21,22,24,26,27,28,29,30,31,33,35,37,40,41,42,43,44,48,50,51,52,58,59,60,61,63,65,66,67,72,73,74,75,77,79,84,85,88,90,91,92,93,94,95,97,99
203,8,57,75,87,91,92,93,94,95
204,6,9,10,21,22,24,34,35,44,46,48,56,57,76,81,83,84,86,87,91,92,93,94,95,96
205,0,1,2,3,4,5,6,7,8,9,10,11,12,13,14,15,16,17,18,19,20,21,22,23,24,25,26,27,28,29,30,31,32,33,34,35,36,38,39,40,41,42,43,44,46,47,48,49,51,52,53,54,55,60,61,62,63,65,66,67,68,69,70,72,73,74,75,76,77,78,79,80,81,83,84,85,86,87,88,89,91,92,93,94,95,96,97,98,99
206,0,1,3,4,5,6,8,9,11,12,13,15,16,17,18,19,20,21,23,24,26,27,28,29,30,31,33,34,35,38,40,42,43,45,46,47,48,49,50,51,52,53,54,55,56,58,59,60,61,62,64,65,67,68,69,71,72,73,74,75,76,77,78,79,80,81,82,84,85,86,88,89,90,91,92,93,94,95,96,97,98
207,1,4,5,7,8,16,20,23,24,25,28,30,37,38,41,43,44,47,50,55,67,68,71,73,78,79,81,83,87,89,91,92,93,94,95,97
208,2,5,6,9,10,12,13,14,15,18,23,25,28,29,31,32,36,38,39,40,41,42,44,46,47,48,50,53,55,57,61,64,65,66,67,69,70,76,79,80,81,83,87,88,90,91,92,93,94,95,96
209,1,2,3,5,6,8,11,12,15,16,17,18,19,20,22,25,27,28,29,30,34,35,36,37,39,41,43,44,45,46,47,48,50,53,54,55,56,59,60,63,64,65,66,67,68,70,71,72,73,74,75,76,78,79,82,84,85,86,88,91,92,93,94,95,96,99
210,1,3,5,7,8,10,15,16,18,20,24,25,30,34,35,39,40,41,42,46,54,57,59,66,67,69,71,72,73,75,78,82,86,87,89,91,92,93,94,95,99
211,0,2,5,6,7,8,9,10,11,12,13,14,15,17,18,19,20,21,22,23,25,26,27,28,29,31,32,33,34,36,37,38,39,40,41,42,43,44,45,46,47,48,49,50,51,52,53,54,55,56,57,58,59,60,61,62,63,64,65,66,67,69,70,71,72,74,75,76,77,78,79,80,81,82,83,84,85,86,87,88,89,91,92,93,94,95,96,97,98,99
212,20,44,91,92,93,94,95,97
213,0,2,3,4,6,7,8,9,11,12,13,15,16,17,18,20,21,23,24,26,27,31,33,34,38,43,44,47,49,51,53,60,61,62,63,64,65,69,70,73,77,79,80,81,83,86,89,90,91,92,93,94,95,96,97,99
214,2,6,8,22,28,30,31,34,36,47,48,49,51,55,56,62,63,65,68,71,78,82,84,91,92,93,94,95,98,99
215,0,1,3,4,6,7,8,9,10,11,12,13,15,17,19,21,22,23,24,27,30,31,32,33,34,35,36,38,39,40,41,42,43,44,45,46,47,48,49,50,51,52,53,54,55,56,57,58,59,60,61,62,63,64,66,67,68,69,70,71,72,73,74,75,76,77,79,80,81,82,83,84,85,87,88,91,92,93,94,95,96,97,98,99
216,0,2,3,4,5,6,7,8,9,10,11,12,13,14,15,17,18,19,20,21,22,23,24,25,26,29,30,31,32,33,34,37,38,39,40,42,43,44,46,47,48,49,50,51,52,53,54,55,56,57,58,59,60,61,62,63,64,66,67,68,69,70,71,72,73,74,75,77,78,79,80,81,82,83,84,85,86,87,88,89,90,91,92,93,94,95,96,97,98
217,3,4,5,7,9,10,11,12,13,15,16,17,18,19,20,21,24,25,26,27,28,29,31,32,36,38,40,41,43,44,45,48,51,52,54,55,58,59,61,62,63,64,65,66,67,68,71,73,74,76,77,78,79,80,81,82,84,87,89,90,91,92,93,94,95,96,97,98
218,0,1,2,3,5,6,7,8,9,12,13,14,15,16,17,18,19,20,21,22,24,25,26,27,28,29,30,31,33,34,35,37,38,39,42,43,44,45,46,47,48,49,50,51,52,53,54,55,56,57,58,59,60,61,62,63,64,65,66,67,68,69,70,72,73,74,75,76,77,79,80,81,82,83,84,85,86,87,88,89,90,91,92,93,94,95,96,97,99
219,0,3,4,7,11,25,31,36,37,39,42,46,47,49,52,57,59,73,76,77,78,80,86,87,88,91,92,93,94,95
220,0,1,2,3,4,5,6,7,8,9,10,11,12,13,14,15,16,17,18,19,20,21,22,23,24,25,26,27,28,29,31,32,33,34,35,36,37,38,39,40,41,42,43,44,45,46,47,48,49,50,51,52,53,54,55,57,58,59,60,61,62,63,64,65,66,67,68,69,70,71,72,73,74,76,77,79,80,81,83,84,85,86,87,88,89,90,91,92,93,94,95,96,97,98,99
221,2,3,7,9,10,11,15,23,25,28,29,35,38,40,48,49,50,52,54,55,59,62,65,67,70,77,83,91,92,93,94,95,96
222,11,18,25,26,29,34,36,48,50,58,62,68,69,80,81,85,91,92,93,94,95,96,98,99
223,1,2,3,6,13,14,24,29,33,35,37,39,41,45,50,52,53,65,74,82,91,92,93,94,95
224,0,1,2,3,4,5,6,7,8,9,10,11,13,14,15,16,17,18,19,20,21,22,23,24,25,26,27,28,30,31,32,34,35,36,37,38,39,40,41,42,43,44,45,46,47,48,49,50,51,52,53,54,56,57,58,59,60,61,62,64,65,66,67,68,69,70,72,74,75,76,77,78,79,80,81,82,83,85,86,87,88,89,90,91,92,93,94,95,96,97,98,99
225,2,11,22,33,43,46,48,56,58,60,73,74,91,92,93,94,95
226,0,1,3,5,7,8,9,11,14,17,18,19,21,23,24,25,27,28,29,31,32,33,34,35,37,39,41,42,43,44,45,46,47,48,50,53,54,55,57,59,60,61,62,66,67,69,70,72,73,74,75,76,77,78,79,80,81,82,83,84,87,89,90,91,92,93,94,95,97,98
227,0,1,2,4,5,6,7,9,10,15,18,20,21,22,25,27,28,30,32,33,35,36,38,39,40,41,42,43,44,46,47,50,51,54,55,56,57,58,60,61,63,66,68,69,72,73,76,77,78,79,82,83,84,85,86,87,91,92,93,94,95,97,98
228,7,10,19,26,35,44,53,57,58,59,83,91,92,93,94,95,98
229,3,4,5,6,7,8,9,10,11,12,13,14,18,19,20,21,22,23,24,25,26,30,31,32,33,34,35,37,38,39,40,41,42,43,44,46,47,49,50,52,53,54,56,57,58,59,60,61,62,64,65,67,68,69,71,72,73,74,77,78,80,82,83,84,85,86,87,88,89,90,91,92,93,94,95,96,97,98,99
230,1,6,8,11,13,14,15,16,17,18,19,20,21,22,23,24,25,26,27,28,29,30,31,32,33,34,35,37,40,41,43,44,45,46,47,48,50,51,52,53,54,56,57,58,59,61,62,63,65,67,68,69,72,73,74,75,79,81,82,83,86,87,90,91,92,93,94,95,97,99
231,0,3,4,7,8,9,10,11,13,14,16,17,19,20,21,22,23,24,25,27,29,30,33,34,35,37,38,39,41,42,43,46,47,48,49,50,51,52,53,54,55,56,58,59,60,63,64,65,67,68,69,70,71,73,74,76,77,78,79,80,81,82,83,84,85,87,88,89,90,91,92,93,94,95,96,97,98
232,0,1,2,3,6,7,8,9,11,12,13,15,16,19,21,26,27,28,29,31,32,34,35,36,39,40,43,44,47,49,50,51,53,55,56,57,58,59,61,62,64,65,66,67,68,70,71,74,75,76,77,80,81,82,83,84,86,87,88,89,90,91,92,93,94,95,96,97,98,99
233,2,3,5,15,18,21,24,25,27,28,30,32,33,36,38,42,43,50,53,54,55,56,65,66,68,72,73,77,81,83,86,91,92,93,94,95,97
234,9,13,24,28,34,36,40,41,42,53,61,63,68,70,72,78,79,81,82,91,92,93,94,95,96
235,0,4,5,9,14,15,21,25,32,34,35,37,38,39,40,41,51,55,56,57,58,66,71,74,75,78,79,81,83,86,91,92,93,94,95
236,1,4,7,9,10,13,14,16,18,21,23,29,31,33,35,36,37,40,45,47,48,49,50,51,52,56,61,64,66,71,72,76,78,83,84,88,89,90,91,92,93,94,95
237,0,1,3,5,10,12,15,17,19,20,21,24,26,28,30,34,35,37,39,41,43,46,48,50,51,53,55,56,59,60,61,62,66,69,70,74,76,77,78,79,80,81,85,86,87,89,91,92,93,94,95,96,98
238,0,1,2,3,4,5,6,7,8,9,10,11,12,13,14,15,16,17,18,19,20,22,23,24,25,26,27,28,29,30,31,32,33,34,35,36,37,39,41,44,45,46,47,48,49,50,51,52,53,54,55,56,57,58,60,61,62,63,64,65,66,67,68,69,70,71,72,73,74,75,76,77,78,79,80,81,82,83,84,86,87,88,90,91,92,93,94,95,96,97,98,99
239,0,2,3,5,7,8,9,10,12,14,15,18,21,23,25,26,28,29,30,33,35,36,37,38,41,43,44,45,47,49,50,56,58,60,61,63,64,65,70,71,76,77,79,80,81,83,84,85,86,87,89,91,92,93,94,95,98
240,3,5,9,11,14,15,17,19,22,23,24,25,31,33,35,37,42,43,45,47,48,49,51,52,55,57,59,61,62,69,73,75,77,79,81,82,89,90,91,92,93,94,95,97
241,5,44,69,74,90,91,92,93,94,95
242,0,1,3,4,5,6,8,9,10,11,12,13,15,16,17,18,19,20,21,23,27,28,29,30,31,32,33,36,37,38,39,41,42,43,45,46,47,48,49,50,52,53,55,56,59,60,64,65,66,67,69,70,71,72,73,74,75,76,77,79,80,81,82,83,85,86,89,90,91,92,93,94,95,96,98,99
243,2,3,4,5,7,8,9,10,11,14,15,16,17,18,19,20,22,24,25,26,27,28,29,30,32,35,36,37,38,39,40,43,44,47,48,49,51,53,54,55,58,59,60,64,66,67,68,70,72,74,75,76,78,81,82,83,84,85,87,88,89,90,91,92,93,94,95,96,97,98,99
244,0,1,2,3,4,7,9,10,11,12,13,14,16,17,18,19,20,21,22,23,24,27,28,29,30,31,32,33,34,35,36,38,39,40,42,43,44,46,48,49,51,52,54,55,56,57,61,62,63,64,65,66,67,69,70,71,72,73,75,76,77,81,82,83,84,85,87,88,89,90,91,92,93,94,95,98,99
245,1,9,36,41,45,54,58,63,68,69,73,87,90,91,92,93,94,95,96,97
246,1,9,11,12,20,21,23,28,33,36,39,42,45,58,66,68,79,83,88,91,92,93,94,95,96,99
247,0,1,2,4,5,8,9,10,11,12,13,14,15,17,18,19,20,21,22,23,24,25,28,30,31,33,34,38,39,41,42,43,44,47,50,54,56,59,60,61,62,65,66,67,69,70,71,73,76,78,80,83,84,88,89,90,91,92,93,94,95,96,97,98,99
248,5,12,14,25,53,55,91,92,93,94,95
249,0,1,6,7,8,9,10,11,12,13,14,15,17,18,19,20,21,22,23,24,25,26,27,28,29,30,31,32,33,34,35,36,37,38,39,40,41,42,43,44,46,48,49,50,52,53,54,55,56,57,58,59,60,61,62,63,65,66,68,69,70,71,72,73,74,75,76,77,78,79,80,81,82,83,84,85,86,87,89,90,91,92,93,94,95,96,97,98
250,1,2,3,5,7,8,9,10,11,14,15,17,19,20,22,23,24,27,29,30,32,33,35,36,38,42,43,46,47,48,49,50,51,52,53,54,56,59,60,61,62,63,64,66,68,69,70,71,72,73,74,75,76,77,78,79,80,83,84,85,86,87,88,90,91,92,93,94,95,96,97,99
251,2,50,59,77,80,91,92,93,94,95
252,0,1,5,16,18,43,53,68,72,77,89,91,92,93,94,95,99
253,8,21,32,36,54,65,91,92,93,94,95
254,8,64,66,91,92,93,94,95
255,0,1,2,3,4,5,6,7,8,9,10,11,12,13,15,17,18,20,21,22,23,24,25,26,28,29,30,31,32,33,34,35,36,37,38,40,41,42,43,44,45,46,47,50,51,52,53,54,55,56,57,58,59,60,61,62,63,64,65,66,67,68,69,71,72,73,74,75,76,77,78,79,80,81,82,83,84,85,86,87,88,89,90,91,92,93,94,95,96,97,98,99
256,1,2,4,6,7,8,9,10,11,12,15,16,17,20,21,22,24,25,26,27,28,29,30,31,32,34,35,36,37,38,39,40,42,44,45,46,48,51,52,53,54,55,56,58,59,61,63,64,65,66,67,68,70,71,72,73,74,75,76,77,78,79,80,81,82,83,84,85,86,87,88,89,90,91,92,93,94,95,96,97,98,99
257,4,6,16,17,18,19,23,24,25,26,28,29,30,32,36,41,51,54,57,59,62,64,66,70,72,81,84,89,90,91,92,93,94,95,96,97,98,99
258,5,10,28,29,56,58,59,62,64,75,83,91,92,93,94,95
259,0,1,5,6,7,8,10,12,13,19,20,23,26,30,31,34,35,37,39,41,45,48,51,53,57,61,62,63,64,65,66,71,72,73,79,80,82,84,85,86,87,91,92,93,94,95,97
260,0,2,3,4,5,6,7,8,9,11,12,13,14,18,19,20,21,24,26,27,31,32,33,34,36,38,39,40,41,42,43,46,47,49,51,52,53,60,61,63,65,66,70,72,73,76,79,84,85,86,88,91,92,93,94,95,96,97
261,0,9,15,16,23,26,28,29,30,35,37,41,44,46,52,57,64,67,68,71,73,75,91,92,93,94,95
262,1,2,3,4,5,6,7,8,9,10,11,12,13,14,15,16,17,18,19,20,21,22,23,24,25,26,27,28,29,30,31,32,33,34,35,37,38,40,41,42,43,44,45,47,48,49,50,51,52,53,55,56,57,58,59,60,61,62,63,64,65,66,67,69,70,71,72,73,75,76,77,78,79,80,81,82,83,84,85,86,87,88,89,90,91,92,93,94,95,97,98,99
263,0,2,3,4,5,6,7,8,9,10,12,13,14,15,16,17,18,19,20,21,22,23,24,25,26,27,28,29,30,31,32,33,34,35,36,37,38,39,40,41,42,43,44,45,46,47,48,49,50,51,52,53,54,56,57,58,59,60,61,62,63,64,65,66,67,69,71,72,73,74,75,76,77,78,79,80,81,82,83,85,86,87,89,90,91,92,93,94,95,96,97,98,99
264,0,1,4,6,10,13,14,15,19,21,22,23,24,25,27,29,35,36,38,44,46,47,48,49,50,51,52,53,54,57,58,63,69,72,74,76,78,79,80,81,83,86,87,88,91,92,93,94,95,96,99
265,1,15,18,30,37,46,50,54,80,87,89,91,92,93,94,95,98,99
266,0,2,3,4,5,6,7,8,9,10,11,12,13,14,15,16,18,19,20,21,22,23,24,25,26,27,28,29,30,31,32,33,34,35,36,37,39,40,41,42,44,46,48,49,50,51,52,53,54,55,56,57,58,59,60,61,62,63,64,65,66,67,68,69,70,71,72,73,74,75,76,77,78,79,80,81,82,83,84,85,86,87,88,89,90,91,92,93,94,95,96,97,98,99
267,1,2,5,6,9,10,11,12,17,18,21,23,24,30,31,35,37,38,39,42,47,48,49,60,61,62,63,66,67,68,71,72,75,78,80,81,82,85,87,88,91,92,93,94,95,96,98,99
268,5,23,35,49,91,92,93,94,95
269,0,1,2,3,4,5,6,7,8,9,10,11,12,13,14,15,16,17,18,19,20,21,22,23,24,26,27,28,29,30,31,32,33,34,35,36,37,38,39,41,42,43,44,45,46,47,48,49,50,51,52,53,54,55,56,57,58,59,60,61,62,63,64,65,66,68,69,70,71,72,73,74,75,76,77,78,79,80,81,82,83,84,85,87,88,90,91,92,93,94,95,96,97,98,99
270,0,1,2,3,5,6,7,8,9,10,11,12,13,14,15,16,17,18,19,20,21,22,23,25,26,27,28,29,30,31,32,33,34,35,36,37,38,39,40,41,43,45,46,47,48,49,50,51,52,53,54,55,57,58,59,60,61,62,63,64,65,66,67,68,69,70,72,73,74,75,79,80,82,83,84,85,86,87,89,90,91,92,93,94,95,96,97,98
271,0,4,5,7,8,9,10,11,12,13,14,15,16,17,18,19,20,21,22,23,24,25,26,27,28,29,30,31,32,34,35,36,37,38,39,40,41,42,43,44,45,46,48,49,51,52,53,55,56,57,58,59,61,62,63,64,65,66,67,68,69,70,71,72,73,74,75,77,78,79,84,85,86,87,88,89,91,92,93,94,95,96,97,98,99
272,0,1,3,4,5,6,7,8,10,11,12,13,14,15,16,17,18,19,20,21,22,23,24,25,26,27,28,29,30,31,32,33,34,35,37,38,39,40,41,42,44,45,46,47,48,49,50,53,54,55,56,57,58,60,61,62,63,66,67,68,69,70,71,72,73,74,75,76,77,78,79,80,82,83,84,85,87,88,89,90,91,92,93,94,95,96,97,98,99
273,1,2,7,8,11,13,22,23,28,29,32,33,34,35,40,42,44,49,50,52,58,59,61,62,63,64,66,70,74,75,77,89,91,92,93,94,95,96,99
274,3,4,7,8,9,10,11,13,14,17,18,20,24,27,28,31,34,36,37,39,44,45,46,48,50,51,55,57,60,62,63,65,67,69,71,72,73,75,76,80,81,82,84,87,90,91,92,93,94,95,97
275,0,1,2,3,4,5,6,7,8,10,11,12,13,14,15,16,18,19,21,23,24,25,26,27,28,29,30,31,32,34,37,38,39,40,42,43,44,45,46,48,50,51,52,53,55,56,57,58,59,60,61,63,65,66,67,69,70,71,72,73,74,77,78,79,81,82,83,86,87,89,90,91,92,93,94,95,96,97,98,99
276,0,1,2,3,4,5,6,7,8,9,10,11,12,13,16,17,18,19,20,22,23,24,25,26,28,29,30,31,33,34,35,36,38,39,40,41,42,44,45,46,47,53,54,55,56,57,59,62,65,66,67,68,69,70,71,74,75,76,77,78,79,82,83,84,85,86,87,88,89,90,91,92,93,94,95,96,97,98,99
277,6,19,30,31,33,36,38,61,66,76,87,88,91,92,93,94,95,96,97
278,0,1,2,3,5,7,13,14,16,18,19,20,24,27,30,31,32,33,36,37,38,42,43,45,46,47,48,49,51,53,54,56,57,58,59,60,61,62,69,71,72,75,76,78,81,85,89,91,92,93,94,95,97,98,99
279,0,2,3,5,9,11,19,20,22,43,49,60,63,71,75,79,85,89,90,91,92,93,94,95,96
280,2,3,12,13,16,18,21,26,27,31,34,36,39,40,42,43,46,50,56,61,63,66,67,68,70,72,76,80,89,91,92,93,94,95
281,0,2,6,7,8,9,10,11,13,14,15,16,19,20,21,22,24,25,27,28,30,31,32,33,34,35,36,37,38,39,40,41,42,44,46,47,48,49,50,51,52,53,54,55,56,57,58,59,60,61,62,63,64,65,67,68,70,71,73,74,75,76,77,78,79,81,82,83,84,85,86,87,89,90,91,92,93,94,95,96,97,99
282,1,5,6,22,30,34,40,61,65,70,72,73,81,83,90,91,92,93,94,95
283,0,1,4,7,10,14,15,19,23,28,30,35,37,38,40,41,42,47,48,49,52,53,57,59,60,64,66,69,72,78,80,90,91,92,93,94,95,96
284,3,11,12,13,14,15,21,24,25,37,39,44,45,46,48,59,73,89,91,92,93,94,95
285,44,56,62,91,92,93,94,95
286,2,3,8,9,13,15,21,26,27,28,29,30,33,36,38,44,46,55,56,58,63,66,68,71,76,81,82,83,84,86,87,88,91,92,93,94,95,99
287,0,4,6,7,8,9,17,20,22,23,30,33,35,38,40,41,42,43,44,46,56,72,79,80,83,91,92,93,94,95,96,97
288,1,4,7,9,12,13,15,17,21,24,25,27,29,32,34,35,36,38,46,48,49,50,52,53,54,56,62,64,65,69,71,72,80,86,89,91,92,93,94,95,99
289,0,3,8,9,10,11,13,15,17,19,21,22,24,25,27,28,29,32,34,38,39,40,41,42,45,47,48,49,51,52,55,56,61,62,63,64,65,66,67,70,76,77,80,81,84,91,92,93,94,95,97,98
290,12,26,46,79,91,92,93,94,95
291,1,3,5,6,7,8,9,12,13,15,16,18,19,21,22,23,24,25,26,27,30,31,32,33,34,35,36,37,38,39,40,41,42,45,46,48,49,50,51,56,57,59,60,62,63,65,66,67,69,70,72,73,74,75,76,77,83,85,86,87,91,92,93,94,95,96,97,99
292,39,49,57,88,91,92,93,94,95
293,13,27,39,51,57,62,63,64,66,67,91,92,93,94,95,96
294,4,5,6,7,9,10,11,12,14,15,17,18,20,21,22,23,26,27,30,32,33,34,35,36,37,39,40,41,42,43,45,46,47,48,49,50,52,54,55,56,57,58,59,60,61,62,64,65,67,68,71,72,73,74,75,76,77,80,81,83,85,86,88,90,91,92,93,94,95,96,97
295,0,4,7,8,14,15,16,18,20,21,23,24,25,26,27,28,29,32,36,37,38,39,41,42,43,46,47,49,50,51,54,55,56,57,58,60,61,62,64,65,66,67,69,73,75,76,80,81,82,85,89,91,92,93,94,95,96,99
296,1,9,11,14,16,18,23,25,29,34,42,44,45,49,50,51,55,57,58,59,61,63,66,67,68,69,70,71,72,74,75,77,82,86,89,91,92,93,94,95,98,99
297,0,2,3,4,6,7,8,10,11,12,16,17,18,19,21,22,23,25,26,27,32,33,35,36,38,39,42,44,45,47,54,56,60,66,67,69,72,75,76,77,80,85,87,91,92,93,94,95,96,97,98,99
298,1,12,16,26,34,41,42,44,47,54,63,64,66,68,71,76,78,79,86,87,88,91,92,93,94,95
299,0,1,2,3,4,6,7,8,9,11,12,13,14,15,16,17,18,19,21,22,23,24,25,26,27,28,29,30,31,32,33,34,36,37,38,39,41,42,43,44,45,46,48,49,50,51,52,54,60,61,62,63,65,66,67,69,70,72,74,75,76,78,79,80,84,86,87,89,91,92,93,94,95,98,99
300,5,14,18,56,59,77,78,91,92,93,94,95
301,0,2,4,5,7,8,9,10,11,12,13,15,16,17,20,27,28,29,31,35,37,38,41,42,43,44,45,46,47,48,49,51,53,55,57,59,61,62,63,64,65,66,68,71,72,74,75,76,77,78,79,82,84,86,87,88,89,90,91,92,93,94,95,97,98,99
302,0,8,11,19,28,36,38,44,47,55,72,75,76,80,82,85,91,92,93,94,95,99
303,0,2,3,4,5,6,7,9,11,12,13,14,15,16,17,19,20,23,25,26,27,28,30,31,32,33,34,37,38,42,43,44,45,49,52,54,55,56,58,59,60,61,65,66,67,69,71,76,78,79,80,81,83,84,85,86,88,89,90,91,92,93,94,95,96,97,98
304,0,1,2,3,4,5,6,7,8,9,11,13,14,16,17,18,19,23,25,26,27,28,29,30,31,32,33,34,35,36,37,38,39,42,43,44,45,47,48,49,50,51,52,53,54,55,56,57,58,59,60,61,64,65,67,69,70,71,72,73,75,76,77,78,79,81,82,83,84,85,87,88,89,90,91,92,93,94,95,96,98,99
305,5,8,12,17,19,21,27,31,36,37,41,43,46,48,50,53,56,58,59,64,65,67,74,81,83,84,86,89,90,91,92,93,94,95,96,98
306,2,5,6,15,18,24,32,33,37,54,59,61,63,65,72,74,79,85,91,92,93,94,95,98
307,1,2,3,4,5,6,7,8,9,10,11,12,13,14,15,16,17,18,19,20,21,22,23,25,26,27,28,29,30,32,33,34,35,36,37,38,39,41,42,43,44,45,46,47,48,49,51,52,53,54,55,57,58,59,60,61,62,63,64,65,66,67,68,69,70,71,72,73,74,75,76,77,78,79,80,81,82,83,84,85,86,87,89,90,91,92,93,94,95,96,97,98,99
308,0,1,3,4,5,6,7,8,9,10,11,12,13,14,15,16,17,18,20,21,22,23,24,25,26,27,29,30,31,32,34,35,36,37,38,39,40,41,42,44,45,46,47,49,50,52,53,54,55,57,58,59,60,61,62,63,64,65,68,70,71,72,73,74,75,76,77,79,80,81,82,83,85,86,87,88,89,90,91,92,93,94,95,96,97,98,99
309,17,18,76,91,92,93,94,95
310,1,3,4,5,10,11,12,13,16,17,19,20,23,24,25,26,28,31,32,33,34,37,41,42,43,44,45,47,50,51,52,53,55,57,59,62,63,65,66,67,68,69,70,71,74,75,77,78,79,80,81,82,83,84,85,88,89,90,91,92,93,94,95,98
311,1,2,7,8,9,10,14,15,18,19,27,31,32,36,37,39,41,50,53,64,66,67,68,70,71,72,78,80,84,89,90,91,92,93,94,95,96,98,99
312,4,5,12,16,17,18,21,28,33,35,38,39,44,47,48,50,52,64,66,70,76,78,79,80,82,90,91,92,93,94,95,96,97
313,2,12,31,46,52,55,70,76,85,91,92,93,94,95
314,0,1,2,3,4,5,7,8,10,11,12,13,14,15,16,17,18,19,21,22,23,24,25,26,27,28,29,30,31,33,34,35,36,37,38,39,40,41,42,43,44,45,46,47,48,49,50,51,52,53,54,55,56,58,59,60,61,62,63,64,65,66,69,70,71,72,73,74,75,76,77,78,79,80,81,82,83,84,85,86,87,88,89,90,91,92,93,94,95,96,97,98,99
315,0,2,7,8,9,13,14,18,23,24,25,27,28,31,32,35,41,45,50,51,52,53,56,68,75,79,81,82,83,86,90,91,92,93,94,95,96,98
316,0,1,12,17,21,23,24,25,34,36,45,48,50,64,69,73,77,83,87,88,91,92,93,94,95
317,3,7,9,10,12,14,17,20,22,28,29,30,32,40,41,42,43,44,45,48,50,52,53,55,56,57,60,63,64,66,67,69,70,74,75,77,78,79,80,83,84,89,91,92,93,94,95,96,97
318,1,2,4,8,10,16,18,21,27,28,30,32,40,44,49,50,54,55,68,69,70,77,86,88,91,92,93,94,95
319,3,6,7,8,17,18,25,37,44,55,65,66,79,80,83,91,92,93,94,95
320,0,1,2,3,5,6,7,8,9,12,13,15,21,24,25,26,27,29,31,32,34,36,37,40,41,43,44,45,48,49,51,53,54,57,60,62,64,65,66,67,68,69,73,74,77,80,82,84,86,88,90,91,92,93,94,95,99
321,0,1,2,3,6,7,14,15,16,17,18,21,22,27,28,32,33,35,36,37,38,39,40,42,44,45,47,48,49,50,51,52,53,54,55,56,58,59,61,63,64,65,66,69,72,73,75,76,77,80,82,83,85,87,89,91,92,93,94,95,98
322,0,2,3,4,5,8,10,13,14,16,17,18,20,21,22,23,24,25,27,28,29,30,31,32,33,34,35,36,37,38,39,40,41,42,43,44,45,46,47,48,49,50,52,53,54,55,56,57,58,59,60,61,62,63,64,66,67,68,69,70,71,72,75,76,77,78,79,81,82,83,85,86,88,89,90,91,92,93,94,95,96,97,98,99
323,0,1,3,4,5,7,9,10,12,13,14,16,17,18,19,20,21,23,24,25,26,27,30,31,33,34,35,36,37,38,41,42,44,45,48,49,50,51,52,54,55,58,59,66,68,69,71,72,73,74,75,76,77,78,81,82,83,86,87,89,90,91,92,93,94,95,96,97,98,99
324,1,6,8,10,16,19,20,23,25,26,27,30,33,38,39,41,43,45,46,47,50,52,55,56,59,60,66,67,69,79,81,87,88,91,92,93,94,95,96
325,3,4,5,6,9,10,13,14,15,17,18,20,25,27,29,32,37,38,39,40,45,47,48,52,53,54,55,60,61,64,67,70,71,74,76,77,78,79,81,82,83,86,90,91,92,93,94,95,96,97
326,0,2,3,4,5,8,9,10,11,14,15,18,21,22,23,24,25,26,27,29,30,34,35,36,38,39,41,42,44,45,46,47,48,49,50,51,54,55,56,57,58,60,61,64,65,68,69,73,74,78,79,80,81,84,86,87,88,91,92,93,94,95,97,98,99
327,1,3,4,6,7,8,9,10,12,13,15,17,18,21,22,23,24,25,27,29,30,31,32,33,34,35,36,37,38,39,40,41,42,43,44,45,46,47,48,49,50,51,53,55,56,57,60,62,63,64,65,66,67,68,70,71,74,75,76,78,79,80,82,83,84,85,87,89,90,91,92,93,94,95,96,97,99
328,0,2,7,12,15,19,23,26,34,36,39,41,42,46,50,52,56,57,58,60,61,62,65,67,68,69,70,72,74,84,85,87,88,89,91,92,93,94,95,96
329,24,25,31,32,42,43,62,67,69,72,91,92,93,94,95
330,5,6,10,11,12,14,16,18,20,26,27,30,31,34,37,41,42,45,46,47,48,51,52,55,58,60,61,64,65,71,77,78,81,83,86,87,89,91,92,93,94,95,97,99
331,1,3,10,14,15,16,18,23,29,31,33,34,37,39,50,51,52,57,58,59,71,74,76,77,78,85,87,90,91,92,93,94,95,97,99
332,1,10,20,22,28,34,36,37,40,45,48,52,55,60,61,64,71,79,81,90,91,92,93,94,95
333,1,2,4,6,7,8,10,11,23,31,35,39,41,42,47,49,54,66,72,76,79,81,82,84,85,86,89,91,92,93,94,95
334,1,4,7,9,22,24,26,37,38,39,48,52,54,56,58,77,80,81,82,84,85,89,90,91,92,93,94,95,97
335,0,13,15,16,21,24,29,31,50,51,55,59,77,82,83,88,91,92,93,94,95
336,8,12,16,20,21,24,29,36,44,47,49,51,64,66,68,78,80,90,91,92,93,94,95,98
337,41,45,83,91,92,93,94,95
338,5,8,17,25,27,28,38,55,59,67,70,72,81,84,88,89,91,92,93,94,95,96,98,99
339,4,12,26,32,33,39,42,43,78,90,91,92,93,94,95,99
340,10,13,26,33,36,47,57,70,72,77,91,92,93,94,95,96,99
341,0,1,2,3,5,6,8,9,10,12,13,14,16,17,18,19,20,21,22,23,24,25,26,27,28,29,30,31,32,33,34,35,36,37,38,39,40,41,42,43,44,45,46,47,48,49,50,51,52,53,54,55,56,57,58,59,60,61,62,63,64,65,66,67,68,69,70,72,73,74,75,76,77,79,80,82,83,84,85,86,87,88,89,90,91,92,93,94,95,96,97,98,99
342,0,3,5,6,8,11,19,21,29,30,37,41,42,54,55,61,66,75,80,85,88,91,92,93,94,95,96
343,1,2,3,6,7,8,9,11,12,13,14,16,17,18,19,20,21,22,26,27,28,29,30,31,32,37,38,41,43,44,45,47,48,49,51,52,53,54,56,57,58,59,60,61,62,63,64,65,67,69,70,71,72,73,76,77,78,79,80,82,84,85,87,88,89,90,91,92,93,94,95,96,97,98,99
344,2,4,5,7,8,9,13,15,16,17,18,20,21,22,23,24,25,26,29,30,31,33,34,36,38,40,41,42,43,44,45,47,48,50,52,53,54,55,56,57,59,60,61,62,63,64,66,67,70,71,74,75,76,77,78,79,80,81,82,83,84,86,88,89,91,92,93,94,95,96,98,99
345,0,3,5,14,22,24,26,30,34,37,40,42,45,46,48,53,54,55,57,60,62,63,67,70,74,76,78,81,82,84,86,89,91,92,93,94,95,96
346,7,10,11,15,18,20,29,42,44,61,77,81,82,91,92,93,94,95,96
347,2,3,7,8,10,15,20,23,27,31,32,34,39,44,45,46,47,50,54,55,56,57,59,61,63,64,67,68,70,71,73,74,78,82,83,86,87,88,91,92,93,94,95
348,60,67,70,91,92,93,94,95
349,6,8,14,15,20,22,24,27,32,35,36,38,40,50,53,57,59,61,62,70,72,74,77,80,81,82,87,91,92,93,94,95,98,99
350,0,2,3,4,5,6,7,8,9,10,11,12,13,15,17,19,20,22,23,24,27,28,29,32,33,34,37,39,40,42,43,44,46,48,49,51,53,56,58,59,60,64,65,67,68,70,72,73,74,75,76,78,79,80,81,82,83,84,86,88,89,90,91,92,93,94,95,96,97,99
351,1,2,7,9,11,12,13,15,16,17,18,19,20,23,25,26,28,30,33,37,40,43,44,48,49,51,53,54,55,56,58,59,62,63,64,65,68,69,71,74,76,77,79,80,82,84,85,86,89,90,91,92,93,94,95,96,98
352,1,4,7,10,15,17,20,26,30,32,33,35,39,41,42,44,45,52,56,59,61,63,66,67,69,71,74,76,77,79,81,82,88,91,92,93,94,95,98
353,0,1,2,4,5,6,7,8,11,14,15,16,17,18,21,22,24,25,26,29,30,31,32,34,35,36,38,39,40,43,46,48,49,50,52,53,54,56,57,58,61,66,67,68,71,72,74,75,76,77,80,82,84,85,86,88,89,90,91,92,93,94,95,96,97,99
354,1,2,6,16,17,20,21,24,29,31,33,34,37,42,43,48,50,51,61,62,65,74,76,81,87,91,92,93,94,95,98
355,0,1,2,3,5,6,7,8,9,10,12,13,14,16,17,18,19,20,21,22,23,24,26,27,28,30,31,32,33,34,35,36,37,38,39,40,41,42,43,44,46,48,50,52,53,54,55,56,58,59,60,61,62,63,64,65,66,67,69,71,72,73,74,75,76,77,80,82,83,84,85,86,87,88,90,91,92,93,94,95,96,97,98,99
356,0,1,2,3,4,6,7,8,10,11,12,13,14,15,16,17,18,20,21,24,26,27,28,29,31,32,33,34,35,36,37,38,40,41,42,43,44,45,46,47,48,49,50,51,52,54,55,56,57,58,59,60,61,62,63,64,66,68,69,70,71,72,74,75,76,77,78,79,80,81,82,83,84,85,86,87,88,89,90,91,92,93,94,95,97,98,99
357,0,2,3,6,8,10,11,13,14,16,17,18,19,20,22,23,24,25,27,31,32,34,41,43,44,45,46,48,49,51,53,54,55,56,57,58,59,60,64,65,69,70,72,73,75,77,79,81,84,85,88,90,91,92,93,94,95,96,97,99
358,1,2,6,7,8,9,10,11,12,13,14,17,18,19,22,23,25,26,27,28,30,31,32,33,37,38,39,40,41,42,43,44,45,47,48,49,50,51,52,54,55,56,58,59,60,63,66,69,70,71,74,75,77,78,80,81,84,85,88,89,90,91,92,93,94,95,96,98
359,0,1,2,4,5,6,8,10,11,13,14,16,17,19,21,24,25,26,28,30,32,33,36,38,40,43,44,46,47,48,49,50,51,53,54,55,56,57,58,59,62,63,64,65,66,67,68,69,70,71,72,74,75,76,77,78,79,81,82,83,84,85,88,90,91,92,93,94,95,96,97,98,99
360,0,1,6,9,13,16,17,19,20,21,28,29,38,42,44,50,55,58,63,67,73,74,75,76,77,81,82,86,91,92,93,94,95
361,0,1,2,3,4,6,8,9,10,11,13,14,15,16,17,18,19,20,21,22,23,24,26,27,28,29,30,31,33,34,36,37,38,39,40,41,43,46,47,50,51,52,53,54,55,56,57,58,59,60,61,64,65,69,71,72,73,75,76,77,78,79,82,83,84,88,89,90,91,92,93,94,95,96,98
362,0,4,7,8,9,11,19,20,21,23,24,26,29,30,33,34,35,36,37,38,39,45,47,49,50,53,55,60,62,65,69,70,73,74,77,78,82,85,86,87,91,92,93,94,95,96,97,98,99
363,37,54,80,83,91,92,93,94,95
364,2,5,9,10,11,12,15,17,20,21,30,31,33,35,41,51,52,53,60,62,64,68,72,74,75,80,91,92,93,94,95,99
365,13,22,24,25,28,32,36,61,91,92,93,94,95,97
366,2,3,4,5,6,7,9,10,11,12,13,15,18,19,20,21,22,24,25,26,27,31,32,34,35,36,37,38,42,43,45,46,47,49,50,54,55,56,57,58,60,61,63,67,68,69,72,73,75,77,79,81,82,84,86,87,88,90,91,92,93,94,95,96,97,98,99
367,0,12,17,18,22,23,25,28,33,40,47,50,54,60,62,66,67,70,71,72,74,76,77,78,81,83,87,90,91,92,93,94,95
368,1,2,3,4,5,6,7,8,9,10,11,12,13,14,15,16,17,18,19,20,21,22,24,26,27,28,29,30,31,32,33,35,36,37,38,39,40,41,42,43,44,46,47,48,49,50,51,52,53,54,55,57,59,60,61,62,63,64,66,67,68,69,71,72,73,74,75,77,78,79,80,81,82,83,85,86,87,89,90,91,92,93,94,95,96,97,98,99
369,0,2,6,7,8,9,10,11,12,13,14,15,16,17,19,21,22,23,24,25,26,27,28,30,31,35,37,38,41,42,43,44,46,48,51,52,53,54,55,56,58,59,60,62,63,66,67,68,69,70,71,72,73,74,76,77,81,82,84,85,86,88,90,91,92,93,94,95,96,97,98,99
370,0,1,2,3,4,5,6,7,9,10,12,13,14,15,16,17,18,19,20,22,23,24,25,26,27,28,29,31,33,34,35,36,37,38,39,40,41,42,43,44,45,46,47,48,49,50,51,52,53,54,55,56,57,58,59,60,61,62,63,64,65,66,67,68,69,70,71,72,73,74,75,76,77,78,79,80,81,82,83,84,85,86,87,88,89,90,91,92,93,94,95,97,98,99
371,1,4,5,8,9,12,15,16,17,18,19,20,21,23,27,29,33,35,41,42,43,46,48,50,51,52,54,57,58,59,60,63,66,68,69,71,72,75,80,82,83,85,86,87,89,90,91,92,93,94,95,97
372,4,5,7,8,15,19,20,25,34,40,42,44,50,56,57,58,62,66,68,77,81,87,91,92,93,94,95,97,99
373,0,1,2,3,4,7,8,9,10,11,12,13,14,15,16,18,20,21,22,23,24,25,27,28,29,30,31,32,33,34,35,36,37,41,42,43,44,45,46,47,48,49,50,51,52,54,55,56,57,58,59,60,62,63,65,66,67,68,69,70,71,72,73,74,75,76,77,78,79,80,81,82,83,84,85,86,88,90,91,92,93,94,95,96,97,98,99
374,9,14,18,19,27,37,39,41,45,56,58,63,65,71,73,76,88,91,92,93,94,95,99
375,0,1,2,3,5,6,7,8,9,10,11,12,13,14,15,16,19,20,21,22,23,24,26,27,28,31,33,35,36,37,38,39,40,42,43,45,46,48,49,50,51,52,53,55,56,57,58,59,60,61,62,63,64,67,68,69,70,71,72,73,74,76,77,78,80,81,82,83,85,86,87,88,90,91,92,93,94,95,96,97,98,99
376,2,4,6,15,29,32,33,34,39,46,53,58,59,60,66,67,69,78,84,85,88,89,90,91,92,93,94,95,96,99
377,4,5,14,16,19,30,31,32,33,38,41,44,47,49,51,55,56,58,64,65,66,67,68,69,73,74,76,79,81,82,83,85,87,91,92,93,94,95
378,28,63,74,91,92,93,94,95,97
379,2,5,13,16,20,21,22,23,26,35,36,46,58,60,64,71,81,82,83,88,89,91,92,93,94,95,99
380,0,3,6,7,8,9,12,13,14,15,16,17,18,20,22,23,24,26,29,30,32,33,34,36,37,38,39,41,42,43,44,45,46,48,49,50,51,53,54,55,56,57,58,59,61,62,63,65,66,67,68,69,70,71,74,75,76,77,78,79,80,81,82,84,85,87,89,91,92,93,94,95,97,98,99
381,1,6,12,14,16,17,20,23,37,38,42,43,45,49,50,51,54,55,63,68,73,77,89,90,91,92,93,94,95
382,0,1,2,3,4,5,6,7,8,9,10,11,12,13,14,15,16,17,18,19,20,23,24,25,26,27,28,29,31,32,33,34,36,37,38,39,42,43,44,45,46,47,49,50,51,52,53,54,56,57,58,59,60,61,62,63,64,65,66,67,68,69,70,71,72,73,74,75,76,77,78,79,80,81,82,84,85,86,87,88,89,90,91,92,93,94,95,97,98,99
383,0,6,10,12,19,26,28,29,33,35,36,37,40,45,46,54,55,57,60,61,67,72,74,78,80,82,83,85,89,91,92,93,94,95,99
384,0,1,2,3,4,5,6,7,8,9,10,11,12,13,14,15,16,17,18,19,20,21,22,23,24,25,26,27,28,29,30,31,32,35,36,37,38,39,41,42,43,44,45,46,47,48,49,50,51,52,53,54,55,56,58,59,60,61,63,64,65,66,67,68,70,71,72,73,74,75,77,78,79,80,81,82,85,86,87,88,89,90,91,92,93,94,95,97,98,99
385,0,2,3,4,5,6,8,9,11,13,14,17,21,22,23,25,27,29,31,32,33,36,38,41,42,44,45,48,49,52,53,57,62,63,64,67,68,70,71,73,74,75,78,79,81,82,83,84,85,86,89,91,92,93,94,95,98,99
386,1,2,4,6,7,8,9,10,11,12,15,17,18,22,23,24,27,28,30,31,32,33,34,35,36,39,42,43,46,48,50,51,53,55,56,57,58,62,63,64,67,69,70,71,73,74,76,80,82,83,85,86,87,88,89,90,91,92,93,94,95,96,97,99
387,0,1,3,4,5,7,8,9,10,11,12,14,15,16,17,18,19,22,23,24,25,26,27,28,29,30,31,32,33,34,36,37,38,39,40,41,42,43,44,45,46,47,48,49,50,51,52,53,54,55,56,57,58,59,60,61,62,63,64,65,66,67,68,69,70,71,72,73,74,75,76,78,79,80,81,82,83,84,85,86,87,88,89,90,91,92,93,94,95,96,97,98,99
388,2,5,6,8,10,11,13,14,19,20,22,26,27,29,30,31,32,35,36,39,49,52,53,55,57,59,63,66,67,68,69,70,72,75,78,79,85,87,89,91,92,93,94,95,98
389,1,2,17,28,50,54,62,63,72,88,91,92,93,94,95
390,0,1,2,3,4,6,10,12,13,16,17,18,22,23,26,27,28,29,30,32,33,34,35,39,40,42,43,45,46,47,48,49,50,51,52,53,55,56,59,60,61,62,64,66,67,68,69,70,71,72,73,74,76,77,79,82,84,85,86,87,89,90,91,92,93,94,95,96,98
391,0,1,3,4,6,7,8,9,10,11,13,16,18,19,21,22,23,24,28,29,33,34,35,36,38,39,41,43,45,48,49,50,51,53,54,56,57,60,61,64,65,66,67,68,69,71,72,75,76,77,78,79,80,85,86,87,88,89,91,92,93,94,95,96,98,99
392,1,2,3,4,5,6,7,8,9,10,11,14,15,16,17,19,20,21,24,25,26,27,28,30,31,32,34,35,37,40,42,45,47,48,49,50,52,53,55,56,58,59,60,61,62,63,64,65,66,67,69,70,73,74,75,76,78,79,81,82,83,84,86,87,89,90,91,92,93,94,95,96,98
393,1,2,5,7,9,10,11,12,13,15,17,18,19,20,22,23,24,25,26,27,28,29,30,31,33,35,36,38,39,41,42,43,44,45,46,47,51,55,57,59,60,61,62,63,64,65,66,67,68,69,70,72,73,75,76,78,79,80,81,82,83,84,85,86,87,89,90,91,92,93,94,95,97,99
394,0,1,2,3,4,6,7,8,9,10,13,14,15,17,18,20,21,23,24,26,28,30,31,34,36,40,42,44,47,48,51,52,54,55,56,57,59,62,63,64,65,68,69,71,72,73,74,75,76,78,79,82,84,86,91,92,93,94,95,99
395,0,18,20,25,27,33,48,50,78,91,92,93,94,95,96
396,0,1,2,3,4,5,6,7,8,9,11,12,13,14,15,16,17,18,19,20,21,23,24,25,26,27,29,30,31,32,33,35,37,38,39,41,43,44,45,46,47,48,49,50,51,53,54,55,56,59,60,61,62,63,64,65,66,67,68,69,70,71,72,73,75,76,77,78,79,81,85,89,90,91,92,93,94,95,96,98
397,0,1,2,3,4,5,8,9,10,11,12,13,14,15,16,19,20,22,23,24,25,26,27,28,29,30,32,33,34,35,37,38,39,40,41,42,43,45,50,52,54,55,56,57,58,59,60,62,63,64,65,66,67,68,69,70,71,72,73,74,76,77,78,79,80,82,83,84,85,86,87,90,91,92,93,94,95,96,97,98
398,0,2,4,5,8,9,13,19,25,26,27,28,32,33,41,46,48,53,54,57,59,60,61,62,72,74,77,80,85,88,91,92,93,94,95,96,97,99
399,0,2,3,4,5,6,7,8,9,10,11,12,13,14,15,17,18,19,20,21,22,23,24,25,26,27,28,29,30,31,32,33,34,35,36,37,38,39,41,42,43,44,46,47,48,49,50,51,52,53,55,56,57,58,59,60,61,62,63,64,65,66,68,69,70,72,73,74,75,76,77,78,79,80,81,82,83,84,85,86,87,88,89,90,91,92,93,94,95,96,97,98,99
400,0,2,5,13,14,21,30,37,43,58,59,63,67,73,75,76,81,90,91,92,93,94,95
401,41,43,52,91,92,93,94,95
402,0,1,2,3,4,5,6,7,8,9,10,11,13,14,15,18,20,21,23,24,25,26,27,28,30,31,32,33,34,35,36,37,38,39,40,41,42,43,44,45,46,47,48,49,50,51,52,53,54,55,56,57,58,59,60,61,62,63,65,66,67,68,69,70,71,72,73,75,76,77,79,80,81,82,83,84,85,86,87,88,89,90,91,92,93,94,95,96,98,99
403,0,1,2,3,4,5,6,7,8,9,10,11,13,14,15,16,17,18,19,21,22,23,24,25,26,29,30,31,32,34,35,37,38,39,40,42,43,44,45,46,49,50,51,52,53,54,55,56,57,58,59,60,61,62,63,64,65,66,67,68,69,71,73,74,75,76,77,78,80,81,82,83,84,86,88,89,91,92,93,94,95,97,98
404,1,47,54,75,91,92,93,94,95
405,0,2,3,5,6,7,8,9,10,11,12,13,16,18,20,21,22,23,26,27,29,31,33,34,35,36,39,40,41,43,44,48,49,50,51,52,53,54,55,56,57,58,59,61,62,63,64,65,68,69,71,72,73,74,75,76,78,79,81,82,83,84,85,86,87,88,89,90,91,92,93,94,95,96,97,98,99
406,39,68,74,84,86,91,92,93,94,95
407,8,11,19,23,82,91,92,93,94,95
408,0,3,5,9,10,11,12,13,16,24,27,32,33,36,40,41,42,44,45,46,48,50,53,55,57,59,60,64,65,66,68,70,72,81,83,85,89,90,91,92,93,94,95,96
409,0,2,3,5,7,8,9,10,11,13,14,15,16,18,19,20,21,22,23,24,28,30,32,33,34,35,37,38,39,40,41,42,43,45,46,47,48,49,50,51,52,53,54,55,56,58,59,60,61,62,63,64,65,66,68,69,70,71,73,75,76,78,80,81,83,84,85,86,87,89,90,91,92,93,94,95,96,97,98,99
410,13,17,39,91,92,93,94,95
411,2,3,10,11,20,24,25,26,30,31,33,34,36,46,50,52,53,54,57,58,61,63,65,66,69,70,71,72,75,76,82,83,91,92,93,94,95,98
412,7,9,23,32,50,65,88,91,92,93,94,95,99
413,0,4,5,7,11,12,13,14,19,20,21,22,25,26,31,33,34,36,37,38,40,42,43,45,47,48,49,50,51,52,53,54,55,56,57,60,61,64,67,68,69,71,74,76,79,81,82,83,84,85,88,91,92,93,94,95,97,98,99
414,0,2,16,21,27,28,38,41,42,44,47,48,65,66,67,69,84,86,91,92,93,94,95,96,99
415,2,5,6,7,9,10,11,12,13,14,17,18,19,23,24,25,28,29,30,31,33,34,35,38,40,42,43,44,45,46,48,49,51,52,54,56,57,58,59,60,61,62,63,66,67,69,70,71,74,78,79,81,82,83,84,86,88,89,90,91,92,93,94,95,97,98
416,2,4,6,7,8,10,18,19,20,23,27,30,31,32,33,34,35,36,37,40,41,43,44,46,47,48,52,54,56,58,59,60,61,63,64,66,67,71,72,73,74,75,76,81,85,86,87,91,92,93,94,95,97,98,99
417,2,3,4,7,8,9,10,11,12,13,14,16,17,18,19,20,21,22,23,25,26,27,28,29,30,31,37,38,39,41,42,43,45,46,47,49,50,51,52,53,54,55,56,57,59,60,61,62,63,67,68,70,75,76,77,78,79,81,84,86,87,89,90,91,92,93,94,95,96,97,98,99
418,0,1,2,3,4,5,6,7,8,9,10,11,12,13,15,16,17,18,19,20,21,22,23,24,25,26,27,28,30,31,33,34,35,36,37,38,39,40,41,42,43,45,46,47,48,49,50,51,52,54,55,56,57,58,60,62,63,64,66,67,68,69,70,71,72,73,74,75,76,77,78,79,80,81,82,83,84,85,86,87,88,89,90,91,92,93,94,95,96,97,98,99
419,0,4,8,11,27,35,48,55,56,63,68,81,83,84,85,87,91,92,93,94,95,98,99
420,2,21,44,45,91,92,93,94,95
421,25,40,58,64,71,76,91,92,93,94,95,99
422,0,1,2,3,4,5,6,7,8,9,10,13,14,15,16,17,20,21,22,23,24,26,27,28,32,33,34,35,36,37,38,41,42,43,44,45,46,47,49,51,52,53,54,55,56,57,58,59,60,61,62,63,64,66,67,68,69,77,79,81,85,86,87,88,89,90,91,92,93,94,95,97,99
423,3,7,20,23,25,26,29,30,34,45,49,52,62,65,72,75,77,82,86,88,91,92,93,94,95,98
424,0,5,8,9,10,11,17,19,22,23,28,29,31,32,39,45,50,51,54,56,57,60,62,65,68,75,77,85,89,90,91,92,93,94,95,97
425,1,14,84,91,92,93,94,95
426,4,8,15,19,27,28,34,39,47,49,50,71,79,83,91,92,93,94,95
427,0,2,3,4,5,7,8,9,10,12,13,14,15,16,17,18,20,21,22,23,25,26,27,28,29,30,31,32,35,36,40,41,42,43,44,45,46,47,48,49,50,51,52,53,54,55,56,57,58,59,61,62,63,64,66,67,68,69,70,71,72,73,74,75,76,77,79,80,81,84,85,86,87,88,90,91,92,93,94,95,97,98,99
428,14,23,43,50,52,57,74,79,80,87,88,91,92,93,94,95,97
429,0,4,5,6,7,11,13,17,18,20,22,23,24,25,26,27,28,29,31,32,33,34,36,37,38,40,42,43,44,45,46,47,49,51,52,53,54,55,57,58,59,61,62,63,65,66,67,68,70,71,72,73,74,76,77,78,79,82,86,87,88,90,91,92,93,94,95,97
430,0,3,4,5,6,16,18,24,25,26,28,30,31,32,34,37,41,42,47,51,52,55,56,57,59,60,64,65,68,71,72,73,74,75,77,78,81,82,85,89,91,92,93,94,95,97,99
431,2,3,4,10,31,32,41,47,50,57,59,67,68,73,80,82,83,84,89,91,92,93,94,95,96,99
432,0,1,2,5,6,7,8,9,10,11,13,14,15,17,18,20,21,22,23,24,26,29,30,31,32,33,34,37,38,40,41,42,43,44,45,47,48,49,51,52,53,54,55,57,58,59,60,61,62,63,65,66,67,69,70,73,74,75,77,78,79,81,83,85,86,87,88,89,90,91,92,93,94,95,96,97,98
433,2,4,7,9,10,11,13,14,16,17,19,20,21,24,25,26,28,32,34,35,37,40,41,43,45,46,47,48,49,51,52,55,57,61,62,63,64,67,69,70,71,75,76,80,81,82,83,84,85,90,91,92,93,94,95,96,97
434,2,3,4,5,6,9,14,16,17,18,24,29,30,31,33,35,38,39,40,44,46,47,51,52,53,55,56,62,63,65,67,68,71,72,79,80,81,83,86,87,88,90,91,92,93,94,95,97
435,0,1,2,3,4,6,7,8,9,10,11,12,13,15,16,17,18,19,20,21,22,23,24,26,27,28,29,30,31,32,33,35,36,37,38,39,40,41,43,44,45,46,47,48,49,51,52,53,54,56,57,58,59,60,61,63,64,65,66,67,68,69,70,72,73,74,75,76,77,78,79,80,81,84,85,86,87,90,91,92,93,94,95,96,97,99
436,0,1,7,12,15,19,20,21,25,33,38,39,40,43,46,49,57,58,60,64,71,76,77,78,84,86,87,88,91,92,93,94,95,98,99
437,18,22,33,35,38,39,46,52,54,55,67,82,91,92,93,94,95
438,1,2,4,8,9,10,16,17,18,22,24,25,27,29,33,34,35,36,37,39,42,43,46,47,49,51,54,55,59,60,61,63,64,66,67,68,70,71,73,75,76,78,79,81,82,83,85,87,88,91,92,93,94,95,96,98
439,0,3,4,6,8,9,12,13,16,17,19,30,31,32,43,46,47,48,50,51,53,55,56,57,58,59,60,64,66,71,72,73,75,76,79,82,84,89,91,92,93,94,95,96,97
440,0,1,4,6,7,10,11,12,15,16,18,19,20,22,23,24,25,26,27,28,30,32,34,35,36,37,38,40,41,42,43,44,45,46,48,49,50,51,52,54,55,56,57,58,59,60,61,64,66,67,68,69,70,71,72,74,75,76,79,81,82,83,86,88,89,90,91,92,93,94,95,96,98,99
441,5,12,15,21,23,29,45,58,60,63,75,77,78,85,91,92,93,94,95,96,97,99
442,1,2,3,5,13,29,40,42,43,44,52,57,61,63,67,74,79,83,87,91,92,93,94,95,98,99
443,5,6,9,10,11,12,13,15,16,18,23,24,26,28,29,32,35,37,38,41,42,43,44,48,52,56,59,60,61,62,65,67,68,70,71,72,73,75,76,78,82,84,86,88,89,90,91,92,93,94,95,99
444,0,19,36,43,57,63,65,84,91,92,93,94,95,98
445,1,2,3,4,5,6,7,14,16,20,21,22,27,31,34,35,39,41,44,48,50,52,53,59,60,63,64,65,66,70,72,73,74,78,79,80,81,84,86,87,91,92,93,94,95,96,97,98
446,14,15,16,17,18,33,34,35,42,46,59,60,63,65,67,71,75,77,78,83,87,91,92,93,94,95,99
447,0,1,2,3,4,5,7,9,10,11,12,13,14,15,16,18,19,20,21,22,24,25,26,27,28,29,30,31,32,33,34,35,36,38,39,41,42,43,44,45,46,47,48,49,50,51,52,53,54,55,56,58,59,60,61,62,63,64,65,66,67,68,69,70,71,72,74,75,76,77,78,79,80,82,83,84,85,86,88,89,90,91,92,93,94,95,96,97,98,99
448,5,11,30,33,34,37,49,64,69,83,91,92,93,94,95,97
449,0,8,15,21,22,51,68,70,83,90,91,92,93,94,95
450,2,3,4,6,7,8,9,10,11,12,15,17,18,20,22,25,29,30,31,32,33,35,36,41,43,44,45,46,48,49,50,53,54,56,57,61,62,65,66,68,69,72,74,75,77,78,80,84,86,87,88,91,92,93,94,95,96,98,99
451,0,2,3,9,10,11,12,13,14,20,22,23,25,26,28,29,30,35,39,40,42,45,51,53,56,59,60,64,67,68,71,74,77,79,80,81,83,84,87,88,91,92,93,94,95,96
452,0,1,6,10,11,16,21,27,30,34,37,38,40,41,44,45,48,50,51,56,60,62,64,66,67,68,75,76,77,80,91,92,93,94,95,97,98,99
453,0,1,2,3,4,5,6,7,8,9,10,11,13,15,16,18,19,20,21,22,23,25,26,27,28,29,31,33,34,35,36,37,38,41,42,43,46,47,49,50,51,52,53,54,55,56,59,60,61,63,64,65,67,68,69,71,72,74,76,77,78,80,81,82,86,87,88,89,90,91,92,93,94,95,96,97,99
454,0,1,3,4,5,6,7,9,10,11,13,14,16,17,18,19,20,22,25,26,27,30,31,32,36,38,40,41,42,43,44,45,46,47,49,50,52,53,57,61,62,64,65,66,67,68,69,70,71,72,73,75,77,78,79,81,83,85,87,88,91,92,93,94,95,98,99
455,8,9,11,12,13,14,15,16,19,21,24,26,30,31,37,38,39,41,43,44,46,48,49,50,53,54,55,61,62,63,64,65,73,74,76,84,86,87,88,89,91,92,93,94,95,97,98
456,3,6,8,14,15,17,19,22,25,29,33,34,42,43,46,47,48,49,51,55,58,64,66,80,81,88,91,92,93,94,95,97,98
457,1,2,3,4,5,7,9,10,11,13,16,18,21,22,23,24,27,29,30,31,33,34,35,36,39,41,43,45,46,47,48,49,51,53,54,57,58,61,62,63,64,66,67,69,72,73,74,75,76,77,78,79,80,82,83,84,85,86,88,89,91,92,93,94,95,96,97,99
458,13,14,38,51,70,75,80,85,91,92,93,94,95
459,2,3,4,7,11,12,13,14,15,16,17,18,19,23,24,25,32,35,40,48,52,53,54,55,57,58,59,60,61,62,65,69,72,75,77,80,81,82,84,91,92,93,94,95,96,98
460,3,14,18,22,28,35,38,41,45,46,54,57,62,63,64,66,68,70,75,84,88,91,92,93,94,95,97,98
461,1,51,54,65,72,91,92,93,94,95
462,5,11,18,19,20,35,36,37,39,45,46,48,49,53,54,55,61,63,68,69,74,75,77,80,84,85,91,92,93,94,95,96,97
463,0,1,2,3,4,5,6,7,8,9,10,11,12,13,14,15,16,17,18,19,21,23,24,26,27,28,29,31,32,33,34,35,36,37,38,39,41,42,43,44,45,46,47,48,49,50,51,52,53,54,55,56,57,58,59,60,62,63,64,66,67,69,70,71,72,73,74,75,76,77,78,79,80,81,82,83,84,85,86,87,88,89,90,91,92,93,94,95,96,97,98,99
464,0,3,5,6,7,10,13,14,15,16,21,25,30,31,33,36,37,40,52,59,61,62,64,66,69,71,72,76,77,83,85,86,87,88,89,91,92,93,94,95,99
465,2,5,6,8,9,11,12,19,21,24,26,27,29,30,31,32,34,35,36,39,41,42,44,45,46,47,54,56,58,59,60,61,62,63,65,66,67,68,71,73,79,80,81,82,83,84,86,87,90,91,92,93,94,95,96
466,2,6,13,42,52,70,91,92,93,94,95
467,3,4,5,6,7,10,11,12,13,14,15,16,18,19,20,21,23,24,26,27,29,30,31,32,34,35,36,37,38,41,43,44,45,46,47,48,49,50,54,55,57,58,59,61,62,63,64,65,66,67,71,72,74,75,76,77,78,79,80,81,82,85,88,91,92,93,94,95,96,97,99
468,0,4,7,8,9,11,17,20,22,23,27,29,44,53,60,64,74,78,79,80,82,84,91,92,93,94,95
469,3,4,5,6,11,13,14,15,16,18,21,22,23,24,26,27,31,32,33,36,37,38,39,41,42,44,45,46,48,49,51,52,53,54,55,57,60,61,63,64,66,67,68,70,71,72,73,75,76,77,78,79,80,82,84,85,86,87,88,89,90,91,92,93,94,95,96,99
470,0,1,2,3,4,5,6,7,10,12,13,17,18,20,23,24,25,26,27,29,31,33,35,36,38,39,40,48,49,53,54,55,58,59,61,63,65,68,70,72,75,78,79,81,86,89,91,92,93,94,95,97,98,99
471,11,16,17,22,24,26,30,37,44,45,46,47,49,61,88,91,92,93,94,95,96
472,0,6,14,16,18,21,25,26,32,34,42,43,46,48,49,54,55,57,66,67,81,83,86,90,91,92,93,94,95
473,0,1,3,4,5,7,9,10,11,12,13,14,15,16,17,18,20,21,22,23,24,26,27,29,30,31,32,34,36,37,38,39,40,41,42,46,47,48,49,50,51,52,54,55,56,57,58,59,60,61,62,64,65,66,68,69,70,71,72,73,74,75,76,77,78,79,80,81,82,83,84,85,86,87,88,89,90,91,92,93,94,95,96,97,98,99
474,1,2,5,6,7,16,17,19,20,21,24,37,38,41,43,45,47,55,60,64,69,70,72,74,77,78,79,80,85,86,87,91,92,93,94,95,96,99
475,0,1,3,7,9,10,11,12,15,17,20,22,23,25,26,27,29,30,33,35,36,38,40,41,42,44,46,47,50,51,52,53,56,57,58,60,63,64,65,66,67,68,69,71,72,74,75,77,78,79,81,82,83,84,85,86,88,90,91,92,93,94,95,96,98,99
476,0,1,2,3,4,5,6,7,8,9,10,11,12,13,14,15,16,17,18,19,20,21,22,23,24,25,26,28,29,32,33,34,35,36,38,39,40,41,42,44,45,47,48,49,50,51,52,53,54,55,56,57,58,59,61,62,63,65,66,67,68,70,71,72,73,74,75,76,77,78,79,80,81,82,83,84,85,86,87,88,89,90,91,92,93,94,95,96,97,98,99
477,8,12,13,32,44,46,51,53,58,61,64,71,79,84,87,90,91,92,93,94,95,97
478,2,4,9,11,16,17,18,19,24,33,35,44,47,50,51,60,64,66,70,71,75,91,92,93,94,95
479,9,10,14,17,19,20,21,30,40,42,43,47,56,61,66,67,87,90,91,92,93,94,95
480,2,8,11,14,18,21,28,29,31,32,37,38,40,48,50,52,64,69,78,79,82,83,84,88,89,91,92,93,94,95,97
481,0,1,2,3,4,5,6,7,8,9,10,11,12,13,14,15,16,17,19,20,21,23,24,26,27,28,29,30,32,33,34,36,38,39,40,41,42,44,45,46,47,48,49,51,52,54,55,56,57,58,59,60,62,63,64,65,68,69,70,71,72,73,74,75,77,78,79,80,81,82,83,84,87,88,89,90,91,92,93,94,95,96,97,98,99
482,6,10,14,15,16,18,19,20,24,30,31,37,38,39,40,46,47,49,53,54,55,59,62,64,70,71,78,90,91,92,93,94,95,97,99
483,1,2,3,5,6,7,8,9,10,13,14,16,18,20,24,25,26,29,32,36,42,43,45,47,48,50,51,52,53,54,59,61,62,65,67,68,69,71,74,76,80,81,82,83,88,89,90,91,92,93,94,95,96,97
484,2,4,7,10,12,21,30,33,42,43,51,53,54,56,59,60,65,91,92,93,94,95,99
485,1,3,6,9,17,18,20,23,24,25,26,27,28,29,31,32,34,35,36,41,43,45,49,50,51,52,54,55,56,57,59,64,65,67,68,70,75,76,77,78,79,80,81,82,83,87,91,92,93,94,95,96,98
486,0,3,4,6,8,10,11,16,17,18,20,21,22,23,24,25,26,30,31,33,36,37,38,39,42,43,44,46,48,49,50,51,52,53,54,57,58,60,61,62,63,64,65,66,67,68,69,70,71,72,75,76,77,79,80,81,83,84,85,88,89,91,92,93,94,95,96,98,99
487,0,1,3,4,6,7,8,11,12,16,17,20,21,23,25,27,31,33,35,40,41,44,55,56,59,62,63,65,69,73,77,86,87,89,91,92,93,94,95,99
488,2,3,4,5,6,7,8,12,13,15,17,18,19,21,22,24,32,36,37,38,41,42,45,47,48,54,55,56,60,61,65,67,68,73,74,75,78,79,81,85,86,90,91,92,93,94,95
489,0,1,2,3,4,5,6,7,8,9,10,13,14,15,16,17,19,20,21,22,23,24,25,26,27,32,33,34,35,36,37,38,40,41,42,44,46,47,49,50,52,53,56,57,58,59,60,61,62,63,65,66,67,69,70,71,72,73,74,75,76,78,79,80,81,82,83,85,86,87,91,92,93,94,95,96,97,98,99
490,0,7,8,9,13,15,20,22,25,34,36,41,44,45,46,47,50,52,59,61,69,73,75,77,78,80,81,83,84,85,86,87,91,92,93,94,95,98
491,0,4,5,7,8,9,14,15,16,17,18,19,20,21,22,23,25,27,31,32,33,34,35,36,37,40,41,42,43,44,45,46,49,50,51,52,53,54,55,56,57,58,59,62,63,64,65,66,68,70,71,72,73,74,78,80,81,82,85,86,87,88,91,92,93,94,95,97,98,99
492,2,10,18,44,49,56,58,67,68,73,79,83,91,92,93,94,95,96
493,2,3,6,7,8,11,19,21,22,24,25,26,28,30,36,38,39,43,45,48,54,56,58,59,61,63,65,72,73,74,81,82,84,85,86,90,91,92,93,94,95,99
494,6,7,10,12,13,18,22,32,33,37,40,42,44,45,50,57,58,66,68,72,73,76,77,81,82,84,86,90,91,92,93,94,95,96,98,99
495,1,13,18,24,39,63,75,76,79,86,87,91,92,93,94,95
496,1,2,3,5,6,8,9,10,11,12,13,14,15,16,17,18,19,20,21,22,23,25,26,27,28,29,30,31,32,33,34,35,36,37,38,39,40,41,42,43,44,45,46,47,48,49,50,51,52,53,54,55,56,57,58,59,60,62,63,64,65,67,69,71,72,73,74,76,77,78,79,80,81,85,86,87,88,89,91,92,93,94,95,96,97
497,0,2,3,4,5,10,11,13,14,15,17,18,19,20,24,25,26,30,31,32,34,35,38,39,40,43,46,48,51,52,53,58,60,61,62,63,64,65,66,67,69,70,72,73,75,76,77,79,85,86,87,88,89,90,91,92,93,94,95,96,97,98,99
498,0,2,3,5,6,7,8,9,10,11,13,14,15,16,17,18,19,20,21,22,23,24,25,26,27,28,29,30,31,32,33,35,37,38,39,40,42,43,44,45,46,47,48,49,50,51,54,55,56,57,58,59,60,61,62,63,65,66,67,68,69,70,71,73,74,75,76,77,78,80,81,82,83,84,85,86,87,88,89,90,91,92,93,94,95,96,98,99
499,5,6,7,11,12,14,15,19,30,36,38,43,46,48,50,58,61,62,65,67,69,75,78,79,82,84,89,91,92,93,94,95
500,3,6,7,10,11,12,14,15,16,18,22,23,24,25,27,29,30,31,32,35,41,42,46,50,51,53,57,58,59,62,64,67,68,71,72,75,76,77,79,80,81,84,85,86,87,88,91,92,93,94,95,96,97
