500 150
1,6,7,9,10,11,12,14,16,17,20,22,23,24,26,29,30,32,35,36,37,39,40,42,43,44,45,47,48,49,50,51,52,55,56,59,60,62,65,67,69,70,71,72,74,75,76,78,79,81,82,84,85,88,89,91,92,93,94,95,96,97,98
2,0,1,2,3,4,5,7,10,11,12,15,17,18,19,20,21,23,25,28,29,30,31,34,35,37,38,41,42,43,44,46,47,48,49,50,51,54,57,58,60,61,63,64,67,69,71,72,73,75,76,78,80,81,82,83,84,86,87,88,89,90,91,92,93,94,95,97,98
3,11,15,23,30,33,40,42,55,62,66,75,82,83,88,91,92,93,94,95,97
4,1,4,5,9,10,11,14,15,17,20,21,25,27,28,32,33,34,38,39,40,42,44,46,48,50,51,53,54,57,58,59,60,61,62,63,64,66,69,71,72,74,75,77,78,79,81,82,84,85,86,88,89,91,92,93,94,95,96
5,31,43,51,55,65,91,92,93,94,95,98
6,1,8,11,16,19,20,30,34,41,43,45,63,70,87,91,92,93,94,95
7,0,1,3,4,5,6,9,11,12,13,14,16,18,19,20,21,22,23,24,25,26,28,29,30,31,34,37,39,40,42,44,45,46,50,51,52,53,54,56,57,59,61,62,63,65,68,69,71,72,73,76,77,80,82,83,84,85,86,87,90,91,92,93,94,95,96,97
8,10,13,15,17,24,34,35,42,47,54,60,61,66,69,91,92,93,94,95
9,15,24,29,47,59,83,91,92,93,94,95
10,0,1,3,4,5,6,7,9,10,11,12,13,15,16,18,19,20,21,22,23,24,25,26,28,29,30,31,32,33,34,35,38,39,42,43,44,45,46,47,49,50,51,52,53,54,56,57,58,60,61,62,63,64,65,66,67,68,70,71,72,73,74,75,76,77,79,80,81,83,84,85,86,87,88,89,90,91,92,93,94,95,97,99
11,0,1,2,3,4,5,7,8,9,10,11,12,13,16,17,18,19,21,22,23,24,25,26,30,33,34,35,36,37,39,40,41,42,43,45,46,47,49,51,52,53,54,55,57,58,59,60,61,64,65,66,67,70,71,72,73,74,75,76,78,80,81,83,84,85,87,88,91,92,93,94,95,96,97,98
12,1,2,3,4,5,10,11,12,13,14,15,16,17,18,19,20,23,24,26,27,29,30,32,35,37,38,41,42,44,45,46,47,48,49,50,51,52,53,54,55,57,60,61,62,63,68,69,70,71,73,75,76,78,79,80,81,83,84,85,86,87,89,90,91,92,93,94,95,96,97,99
13,2,6,18,33,34,44,57,58,69,71,76,86,91,92,93,94,95,99
14,14,43,48,65,73,78,91,92,93,94,95
15,5,6,12,15,16,18,19,21,26,27,28,30,31,32,39,40,42,45,47,49,50,51,52,60,61,63,64,65,67,68,69,70,71,72,76,78,79,81,82,84,85,88,90,91,92,93,94,95,96,97
16,5,6,8,9,10,12,16,17,18,22,23,27,31,32,34,37,41,42,43,48,50,53,54,55,58,59,61,62,68,71,78,81,83,89,91,92,93,94,95,96,97
17,0,1,3,7,8,9,10,11,12,15,20,21,22,23,24,25,27,28,29,31,32,33,35,37,39,40,42,43,45,47,48,49,50,51,52,53,54,55,56,57,58,59,60,61,62,63,64,65,66,67,68,69,70,71,72,75,76,77,78,79,80,83,84,85,86,88,89,90,91,92,93,94,95,96,97,98,99
18,2,5,9,10,16,19,25,27,30,32,38,47,56,60,62,66,67,68,70,71,72,75,78,82,84,85,86,87,91,92,93,94,95,96,97,99
19,0,8,20,22,23,24,27,29,39,40,41,44,50,53,54,56,57,58,59,61,63,72,77,78,79,85,91,92,93,94,95,96,97
20,5,9,10,12,14,15,16,18,19,21,22,28,31,32,33,34,45,46,48,51,63,66,70,78,80,84,85,86,87,88,90,91,92,93,94,95
21,1,3,4,5,6,7,8,9,11,15,17,18,19,20,25,27,30,31,32,33,35,36,37,46,47,50,52,53,54,55,56,57,58,63,66,69,70,71,76,77,78,80,81,82,83,84,85,86,88,91,92,93,94,95,96,97,98
22,0,1,2,5,6,8,11,12,13,15,16,18,19,20,21,24,25,26,27,28,29,30,31,32,33,34,35,36,37,38,39,41,42,44,45,46,47,48,49,50,51,53,54,55,58,59,60,61,63,64,65,66,67,68,70,71,72,74,75,76,77,78,80,81,82,83,85,86,87,89,90,91,92,93,94,95,96,97,98,99
23,0,1,2,3,4,5,6,8,9,10,11,12,13,14,15,16,17,18,19,20,21,22,23,24,25,26,27,28,29,30,31,32,35,36,37,38,39,40,41,42,44,45,46,47,48,49,50,51,52,53,54,55,56,57,58,59,60,61,62,63,64,65,66,67,68,69,70,71,72,73,74,75,76,77,78,79,80,81,82,84,85,86,87,88,89,90,91,92,93,94,95,96,97,98,99
24,0,1,2,3,4,5,6,7,8,9,10,11,12,13,14,16,17,18,19,20,23,24,25,27,28,29,31,32,35,36,37,38,39,42,44,45,46,47,48,49,51,52,53,54,55,56,59,60,61,62,66,67,68,70,71,72,74,75,76,77,78,80,81,82,83,84,85,87,88,89,90,91,92,93,94,95,96,97,99
25,0,1,2,3,4,5,6,7,8,9,10,11,12,13,14,15,16,17,18,19,20,21,23,24,25,26,27,28,29,30,31,32,33,34,35,36,37,38,40,41,43,44,45,46,47,48,49,50,51,52,53,54,55,57,58,59,60,61,62,63,64,65,66,67,68,69,70,71,72,73,74,75,76,77,78,79,80,81,82,83,84,85,86,87,88,89,90,91,92,93,94,95,96,97,98,99
26,35,52,59,64,66,68,82,84,91,92,93,94,95,99
27,0,1,3,5,6,7,8,9,11,12,13,14,17,18,21,22,23,24,25,26,28,29,30,31,33,34,35,38,40,41,42,43,44,45,46,48,49,50,51,54,55,56,57,58,59,60,61,62,64,65,66,71,72,73,74,75,79,80,81,84,85,86,87,88,90,91,92,93,94,95,98,99
28,0,1,2,3,4,5,6,7,8,9,10,11,12,13,14,15,16,17,18,19,21,22,23,24,25,26,27,28,29,30,31,32,33,34,35,36,37,38,39,40,41,42,43,44,45,46,48,49,50,51,53,54,55,56,57,58,59,60,61,62,63,64,65,66,67,68,69,70,71,72,73,74,75,76,77,78,79,82,83,84,85,86,87,88,89,90,91,92,93,94,95,96,97,98,99
29,2,3,5,7,9,18,26,28,31,32,37,39,42,43,45,53,58,59,66,68,69,70,72,73,76,80,90,91,92,93,94,95,96,97,99
30,2,4,5,6,7,9,10,11,13,14,15,16,19,25,26,27,28,29,32,33,36,37,38,40,43,44,45,46,47,49,50,51,52,53,55,57,58,59,60,62,63,64,65,66,67,68,70,71,73,74,75,76,77,78,79,81,82,83,84,85,86,88,89,90,91,92,93,94,95,97,98
31,0,2,10,13,15,16,18,23,25,28,30,32,35,36,37,39,40,45,48,50,51,52,53,55,59,62,65,67,68,74,76,84,86,91,92,93,94,95,98,99
32,1,2,3,4,5,6,7,8,10,13,14,15,16,17,18,19,20,21,22,23,24,25,26,27,28,30,31,32,33,34,35,37,38,39,40,41,42,43,44,45,46,47,48,49,50,51,52,54,55,56,57,58,59,60,61,62,64,65,66,67,68,69,70,71,72,74,75,76,77,78,79,80,82,83,84,85,86,87,88,89,90,91,92,93,94,95,96,97,98,99
33,1,2,3,4,6,7,8,9,10,11,12,13,14,15,16,18,19,20,21,22,23,24,25,27,28,29,30,31,32,33,34,35,36,37,38,39,41,43,44,45,46,47,48,49,50,51,52,53,54,55,56,57,58,59,60,61,62,63,64,65,66,67,68,69,70,71,72,73,74,75,76,77,78,80,81,82,84,85,86,87,88,90,91,92,93,94,95,96,97,98,99
34,0,1,2,3,4,5,6,7,8,9,10,11,12,13,14,15,16,17,18,19,20,21,22,23,24,25,26,27,28,29,30,31,33,34,35,36,37,38,39,40,41,42,43,44,45,46,47,48,50,51,52,53,54,55,56,57,58,59,60,61,62,63,64,65,66,67,69,70,71,72,73,74,75,76,77,78,79,80,81,83,84,85,86,87,88,89,90,91,92,93,94,95,97,98,99
35,9,11,21,42,44,56,58,62,67,75,76,77,91,92,93,94,95
36,8,15,20,23,36,38,46,47,51,65,73,74,80,84,91,92,93,94,95
37,13,27,38,51,59,63,68,69,73,76,77,78,88,91,92,93,94,95
38,0,1,2,4,5,6,7,8,9,10,14,15,18,21,22,24,25,26,28,29,30,31,32,35,36,38,39,40,41,42,46,47,49,52,54,57,58,59,61,62,63,64,65,66,69,70,72,73,74,75,77,79,80,81,82,83,84,85,89,90,91,92,93,94,95,98,99
39,0,2,3,5,9,10,11,12,13,15,16,17,20,22,27,28,29,30,32,33,34,35,37,38,40,41,44,45,46,48,50,51,56,57,58,60,61,65,66,69,74,77,79,80,84,85,86,90,91,92,93,94,95,96,98,99
40,0,1,3,4,5,6,7,8,10,11,12,13,15,16,17,18,19,20,21,22,23,24,25,26,27,28,29,30,31,32,34,35,37,38,40,41,42,43,44,46,47,48,49,50,51,52,53,54,56,57,58,59,60,63,64,65,66,67,68,69,70,71,72,73,74,75,76,77,78,81,82,83,84,86,87,88,89,91,92,93,94,95,96,99
41,1,2,4,6,7,8,10,12,14,15,16,18,19,20,21,22,23,24,25,26,27,28,29,30,31,32,33,34,36,37,38,39,41,42,43,44,45,46,47,48,49,50,51,53,54,55,56,57,58,59,60,61,63,64,66,67,68,70,72,73,74,75,77,79,81,82,83,84,85,86,87,91,92,93,94,95,96,97,98
42,3,4,15,16,18,26,27,28,29,30,31,35,36,38,39,43,50,51,53,57,58,59,67,71,75,76,78,81,83,87,89,91,92,93,94,95,96
43,0,1,2,3,4,5,6,7,8,9,11,13,14,15,16,17,18,19,20,21,22,23,24,25,26,28,29,30,31,32,33,34,35,36,37,38,39,40,42,43,44,45,46,47,48,49,50,51,52,53,54,56,57,58,59,61,62,63,65,66,67,68,69,71,72,73,74,76,77,78,79,81,82,83,84,85,86,87,88,89,90,91,92,93,94,95,96,97,98,99
44,0,1,2,3,4,5,6,7,8,9,10,11,12,13,15,16,17,18,19,20,21,22,23,24,25,26,27,28,31,32,33,34,36,37,38,39,41,42,43,44,45,46,47,49,50,51,52,53,54,55,56,57,58,59,60,63,64,65,66,67,68,69,71,73,74,75,76,77,78,79,80,81,82,83,84,85,88,89,90,91,92,93,94,95,96,97,98,99
45,1,2,5,6,7,8,11,12,14,16,18,20,23,24,29,31,35,36,37,38,40,41,43,44,45,46,47,48,49,50,51,52,55,56,59,60,61,63,64,65,66,67,69,70,76,77,81,84,86,87,88,89,90,91,92,93,94,95,96,98,99
46,0,2,4,5,9,10,11,13,16,18,19,20,21,23,24,26,27,30,34,36,38,40,42,44,50,51,55,57,60,61,62,63,65,67,68,71,76,77,78,79,80,81,83,86,87,88,91,92,93,94,95,96,99
47,0,2,3,4,5,6,7,8,9,10,11,12,13,14,15,16,17,18,19,20,21,22,24,25,26,27,28,29,30,31,32,34,35,36,37,39,40,41,42,44,45,46,47,49,51,53,54,55,56,57,58,59,60,61,62,63,64,65,66,67,68,69,70,71,72,73,74,75,78,79,80,81,82,83,84,85,86,87,88,89,90,91,92,93,94,95,96,97,98,99
48,0,1,2,3,4,5,6,7,9,10,11,13,15,16,17,18,20,21,22,23,24,25,26,27,28,29,30,31,32,33,34,35,36,37,40,41,42,43,44,45,46,47,48,49,51,52,53,54,55,56,57,58,60,61,64,65,66,67,68,69,70,72,73,74,76,77,78,79,80,81,82,83,84,85,87,88,90,91,92,93,94,95,96,97,98
49,0,1,2,3,4,5,6,7,8,9,10,11,12,13,15,16,17,18,19,20,21,22,23,24,25,26,27,28,30,32,33,34,35,36,37,38,39,40,41,42,45,46,47,48,49,50,51,52,53,54,55,56,57,58,59,60,61,62,63,64,65,66,67,68,70,71,72,73,74,75,76,77,78,79,80,81,82,83,84,85,86,87,88,89,90,91,92,93,94,95,96,97,98,99
50,1,2,3,4,5,6,7,8,9,10,11,12,13,14,15,16,17,18,20,21,22,23,24,25,26,28,31,32,33,34,35,36,37,38,39,40,41,43,45,46,47,48,49,50,52,53,54,55,56,57,60,61,62,64,65,67,68,69,70,71,72,74,75,76,78,80,81,82,83,84,85,86,87,88,89,91,92,93,94,95,96,98,99
51,1,2,3,4,6,7,8,9,10,12,13,15,16,17,18,19,21,22,24,25,26,28,29,32,33,34,35,37,38,39,41,42,43,44,45,46,48,49,50,51,52,53,54,55,56,60,61,62,63,65,66,67,68,69,70,71,72,73,74,77,78,79,80,82,83,84,85,86,87,89,90,91,92,93,94,95,96,97,98,99
52,0,1,2,3,4,5,6,7,8,9,10,11,12,13,14,15,16,17,18,19,20,21,22,24,28,30,31,32,33,34,35,36,37,38,39,40,41,42,43,44,45,46,48,49,50,51,52,53,54,55,56,58,59,60,61,62,63,64,65,67,68,69,70,71,72,73,74,76,77,78,79,80,81,82,83,84,85,86,87,88,89,90,91,92,93,94,95,96,97,98,99
53,0,1,2,3,4,5,6,7,8,9,10,11,12,13,14,15,16,17,18,19,20,21,22,23,24,26,27,28,29,30,31,32,34,35,36,37,38,39,40,42,43,44,45,46,47,48,50,51,52,53,54,55,56,57,58,59,60,61,63,64,65,67,68,69,70,71,72,73,74,75,76,77,78,79,80,81,82,83,84,86,87,88,91,92,93,94,95,96,97,98,99
54,0,1,2,3,4,5,7,9,10,11,12,13,16,17,18,19,20,21,22,23,24,25,29,30,32,34,35,36,37,38,40,41,42,44,45,46,50,51,52,53,54,55,57,59,60,61,62,63,64,66,67,68,69,70,71,73,74,75,77,78,79,80,81,82,83,84,85,86,87,88,89,90,91,92,93,94,95,96,97,98
55,0,1,3,5,6,7,8,11,12,13,14,15,16,20,21,23,24,25,26,27,28,29,30,32,34,35,36,37,38,39,41,43,44,46,47,48,50,52,53,55,56,57,58,61,62,63,64,65,66,67,68,70,72,74,75,76,77,78,79,80,81,82,83,84,85,86,87,88,89,91,92,93,94,95,97,98,99
56,1,2,3,5,6,7,8,10,11,12,13,14,15,16,17,18,19,20,21,22,23,24,25,26,27,28,29,30,31,32,33,35,37,38,39,40,42,44,51,52,55,56,57,59,60,62,63,64,65,66,67,69,70,71,72,73,75,77,78,80,81,82,83,84,85,87,90,91,92,93,94,95,96,97,99
57,0,1,3,6,7,10,12,13,14,15,17,19,20,24,25,28,30,33,34,37,42,43,44,45,47,48,49,52,53,54,56,58,60,61,63,65,66,67,72,75,77,80,81,84,85,86,87,88,89,91,92,93,94,95,97,98,99
58,1,2,3,4,5,6,7,8,10,11,12,13,14,16,17,18,19,20,21,22,23,24,26,27,28,29,30,31,32,33,34,35,37,38,39,40,41,42,43,44,45,46,47,48,49,50,51,52,53,54,55,56,57,58,59,60,61,62,63,64,65,66,68,69,70,71,72,73,74,75,76,77,78,79,80,81,82,83,84,85,86,87,88,89,90,91,92,93,94,95,96,97,98,99
59,0,1,3,4,5,6,7,8,9,10,11,12,13,14,15,17,18,19,20,21,22,24,25,26,27,28,29,30,31,32,33,35,37,38,39,44,45,46,47,48,49,50,52,53,54,56,58,59,60,62,63,64,65,67,69,70,71,74,75,76,77,78,79,80,81,82,83,84,88,89,90,91,92,93,94,95,96,98
60,59,67,85,91,92,93,94,95
61,1,2,3,4,6,8,9,10,12,13,18,20,26,32,33,37,39,40,41,43,44,45,49,51,52,54,55,57,58,63,64,67,68,69,78,79,83,85,86,87,89,91,92,93,94,95,96,97
62,1,4,5,6,7,9,12,14,15,16,17,19,20,21,22,23,26,27,31,32,36,37,38,39,40,41,43,48,49,50,51,54,56,59,60,65,66,68,71,72,73,74,75,76,77,81,82,83,85,89,90,91,92,93,94,95,97,98,99
63,1,2,3,5,6,8,9,10,11,12,13,15,16,17,18,19,20,21,22,23,24,25,26,27,28,29,30,31,32,33,34,35,36,37,38,40,41,42,43,44,46,47,48,49,50,51,52,53,54,55,56,57,58,60,61,62,63,64,65,66,67,68,69,70,71,72,73,74,75,76,77,78,79,80,81,83,84,85,86,87,88,89,90,91,92,93,94,95,96,97,98,99
64,0,2,3,4,5,6,8,9,10,12,13,15,16,17,18,19,22,23,24,25,27,29,33,34,37,39,44,45,47,48,49,51,52,54,55,56,57,59,60,61,62,63,66,67,68,69,70,71,72,74,75,76,77,78,79,80,83,85,86,87,88,89,90,91,92,93,94,95,96,97
65,7,8,11,20,28,29,34,37,39,41,43,46,47,51,64,70,71,72,73,79,87,89,91,92,93,94,95
66,0,1,2,3,4,6,7,8,9,10,11,12,14,16,17,18,19,20,21,22,24,25,27,28,29,30,31,33,34,35,36,37,39,40,41,42,44,45,46,47,48,49,50,51,52,53,54,55,56,58,59,60,61,63,64,65,67,68,69,70,71,72,73,74,75,76,78,79,80,81,82,83,84,85,86,87,88,90,91,92,93,94,95,96,97,98,99
67,0,1,2,3,4,5,6,7,8,10,11,12,13,14,15,16,17,18,19,22,24,25,26,27,28,29,32,33,34,35,36,37,38,39,40,41,42,44,45,46,47,48,49,51,52,53,58,59,60,62,63,64,65,66,67,68,69,71,72,73,74,76,80,81,82,83,84,85,86,87,88,89,91,92,93,94,95,96,98
68,2,7,17,20,22,23,29,30,31,35,37,38,46,47,48,51,52,57,61,62,64,66,68,73,80,81,90,91,92,93,94,95,96,97,98
69,0,1,4,5,6,7,8,10,11,13,15,16,17,20,21,23,24,25,26,27,28,29,30,32,33,36,37,38,39,40,41,42,43,44,45,46,47,48,49,51,52,53,55,56,58,59,62,65,66,67,68,69,70,71,72,73,74,76,77,78,80,81,84,86,88,89,90,91,92,93,94,95,96,98,99
70,0,2,3,9,10,14,15,20,21,30,32,34,35,41,42,47,48,50,52,53,54,58,63,64,68,70,71,72,76,77,81,83,84,85,89,91,92,93,94,95,97
71,3,7,18,19,20,24,29,31,33,37,47,51,52,70,71,75,76,85,86,87,89,91,92,93,94,95,98
72,1,2,7,9,10,13,14,17,23,28,30,33,34,36,37,40,42,44,47,49,52,54,56,57,59,61,62,65,67,68,69,70,71,72,74,77,78,81,87,88,90,91,92,93,94,95,98
73,3,20,22,26,28,31,42,59,61,63,72,78,80,81,91,92,93,94,95
74,0,1,2,3,4,5,6,7,9,11,12,13,14,15,16,18,20,21,23,24,25,27,30,31,32,33,34,35,36,37,39,40,41,42,43,44,45,46,48,49,50,51,52,53,54,55,56,59,60,61,62,64,65,66,67,68,70,71,72,73,74,77,78,79,80,81,82,83,84,85,86,87,88,90,91,92,93,94,95,96,97,99
75,0,2,5,7,9,10,12,15,16,17,18,21,22,25,29,31,32,33,36,38,42,44,45,47,48,49,50,53,54,56,57,58,60,61,62,63,64,65,66,68,69,70,71,74,78,79,80,82,88,90,91,92,93,94,95,97,98
76,1,22,25,38,47,57,67,68,81,90,91,92,93,94,95,98
77,0,3,8,11,12,13,15,18,21,23,28,30,31,32,38,41,42,43,45,48,50,51,52,53,60,61,63,64,65,68,70,71,73,74,78,80,82,86,87,88,89,90,91,92,93,94,95,98,99
78,0,1,3,5,6,7,9,10,11,13,14,15,16,17,18,19,20,22,23,24,27,28,29,30,31,32,33,35,36,37,39,40,41,42,43,44,45,46,47,48,49,50,51,52,53,54,55,56,57,58,59,60,61,63,64,65,66,68,69,70,71,73,74,75,76,77,78,79,80,81,82,85,87,88,89,90,91,92,93,94,95,96,97,98,99
79,0,2,3,4,5,6,7,8,9,10,13,14,17,18,20,23,25,26,27,28,29,30,31,32,33,35,39,40,41,43,44,46,48,50,51,52,53,54,55,58,59,60,62,63,64,65,66,67,68,69,70,74,76,77,79,80,81,83,84,86,87,88,89,90,91,92,93,94,95,96,97,98
80,2,3,5,9,12,15,16,17,18,19,21,22,27,29,30,33,34,36,37,43,45,46,48,49,51,55,56,57,59,61,68,70,73,74,75,76,78,79,80,82,83,84,86,88,89,90,91,92,93,94,95,99
81,4,7,9,12,14,16,17,23,25,28,29,32,33,39,42,48,53,58,61,62,63,66,67,68,69,70,75,76,77,84,86,87,91,92,93,94,95,96
82,3,7,8,11,13,18,21,22,26,27,30,35,38,39,40,41,45,46,48,49,50,52,57,59,60,62,64,65,69,70,71,72,77,78,84,86,88,90,91,92,93,94,95,96,97,99
83,31,32,52,68,91,92,93,94,95
84,4,17,18,47,49,51,57,59,73,75,82,88,89,91,92,93,94,95,97
85,0,2,3,4,5,6,7,8,9,10,11,12,13,14,15,16,18,19,20,21,22,23,24,25,26,27,28,29,30,31,32,33,34,35,36,37,38,39,40,41,42,43,44,45,46,47,48,49,50,51,52,53,54,55,56,57,58,59,63,64,65,66,67,69,70,71,72,73,74,75,76,77,78,79,80,81,82,83,84,85,86,87,88,89,90,91,92,93,94,95,96,97,98,99
86,3,4,8,9,10,18,25,28,29,31,33,41,42,46,47,48,50,51,53,55,64,70,72,75,77,79,80,84,85,88,89,90,91,92,93,94,95,96,97,98
87,0,2,16,29,34,38,39,42,43,48,50,62,66,69,91,92,93,94,95
88,0,2,7,8,9,10,12,13,15,17,31,34,36,38,40,45,46,52,56,71,75,90,91,92,93,94,95,96,99
89,0,1,2,3,5,6,7,9,10,13,16,17,18,20,21,23,24,25,27,28,29,30,31,33,34,36,37,39,41,42,43,44,45,46,47,49,50,51,52,54,55,56,57,58,59,60,61,62,63,65,66,67,68,69,70,71,72,73,75,76,77,78,79,80,81,82,83,84,85,86,88,89,90,91,92,93,94,95,96,97,99
90,0,5,12,15,19,24,25,30,37,39,41,44,46,49,52,57,60,61,68,70,74,75,85,86,87,88,91,92,93,94,95,96
91,2,3,4,5,6,9,10,11,12,13,14,15,18,19,20,21,23,24,25,26,27,28,31,32,33,34,37,38,40,41,42,43,44,48,49,50,51,53,55,56,57,58,61,64,65,68,69,71,72,73,74,77,78,79,80,84,86,88,89,91,92,93,94,95,98
92,0,1,2,3,4,5,6,7,8,9,10,11,12,14,15,16,17,18,19,20,21,23,24,25,26,27,28,29,30,31,32,33,34,35,38,40,41,42,43,44,45,46,47,48,50,51,52,53,54,56,57,59,61,62,63,64,65,66,67,68,70,71,72,73,74,75,76,77,79,80,81,82,85,86,87,88,89,90,91,92,93,94,95,96,97,98,99
93,3,4,6,7,11,14,20,23,25,31,54,61,64,65,66,68,69,76,83,91,92,93,94,95,99
94,0,1,3,4,5,6,8,9,10,12,14,15,19,20,21,22,24,26,29,30,31,33,34,35,36,37,39,40,41,42,44,45,47,48,49,51,52,53,55,56,57,58,59,60,61,62,63,64,65,66,67,69,70,71,72,73,74,75,76,77,79,80,81,82,83,85,87,88,89,90,91,92,93,94,95,96,97,98,99
95,0,1,2,3,4,5,6,8,9,10,11,12,14,16,17,18,20,21,22,23,24,27,29,30,31,32,33,34,36,37,38,39,41,42,43,45,46,47,48,49,50,52,55,56,57,60,61,63,64,65,67,68,69,70,72,74,75,78,81,82,83,85,86,87,88,90,91,92,93,94,95,96,98,99
96,0,4,8,9,11,13,15,21,22,23,24,26,28,30,32,33,35,36,37,41,46,47,48,49,52,57,59,62,64,65,66,69,70,71,72,74,75,77,79,84,91,92,93,94,95,97,99
97,5,8,11,13,37,42,46,51,54,60,69,77,81,84,91,92,93,94,95,97
98,0,1,2,3,4,5,6,7,8,9,10,11,12,13,14,15,16,17,18,19,20,21,22,24,25,26,27,28,29,30,31,32,33,34,36,37,38,39,40,41,42,43,44,45,46,47,48,49,50,51,52,53,54,56,58,59,60,61,62,63,64,65,66,67,68,69,71,72,73,74,75,76,77,78,79,80,81,82,84,85,86,87,88,89,90,91,92,93,94,95,97,98,99
99,1,10,13,23,24,32,33,36,41,42,44,45,47,50,74,91,92,93,94,95,97,98
100,2,6,7,12,14,15,16,17,21,22,29,36,39,40,44,48,51,53,54,55,60,62,63,64,66,67,68,69,71,72,76,82,84,87,88,89,91,92,93,94,95,97
101,0,1,2,3,4,5,7,8,9,10,11,12,13,14,15,19,20,21,22,23,24,25,26,27,29,30,31,32,33,34,35,36,37,38,39,40,41,45,46,47,48,49,50,51,52,53,55,56,57,58,59,61,62,63,64,65,66,67,68,69,70,71,72,73,74,75,76,77,78,79,80,81,82,83,84,85,86,87,88,90,91,92,93,94,95,96,97,98
102,0,3,7,10,11,21,24,25,26,27,28,29,31,32,35,36,37,38,39,41,43,45,47,48,49,50,51,53,54,55,56,57,58,59,61,62,63,66,67,68,69,70,71,72,75,76,77,79,80,83,84,85,87,88,89,91,92,93,94,95,96,98,99
103,0,1,2,3,5,6,7,8,9,10,11,17,18,19,21,24,26,30,31,33,34,36,37,38,39,40,41,42,43,45,47,48,51,52,53,60,61,62,63,64,65,66,67,68,69,70,71,72,73,74,75,76,77,78,80,84,85,89,90,91,92,93,94,95,97,98
104,5,7,10,17,18,23,24,27,34,35,39,41,45,56,57,67,73,76,84,85,91,92,93,94,95,96,97
105,0,2,5,8,12,14,20,21,24,27,28,29,30,39,44,47,49,55,56,57,58,61,62,66,68,71,73,74,78,81,85,86,90,91,92,93,94,95
106,1,4,6,7,8,10,12,15,17,21,22,23,25,26,27,29,33,36,37,40,41,44,45,46,47,48,49,51,53,56,62,63,66,67,70,71,72,73,75,76,77,79,80,81,82,83,85,86,87,88,89,91,92,93,94,95,96,97,98,99
107,0,7,9,10,11,18,24,27,28,31,32,33,34,35,42,44,45,46,51,52,53,54,55,71,76,79,85,88,91,92,93,94,95,96,97,99
108,5,23,34,52,54,58,62,68,75,76,77,78,83,88,91,92,93,94,95,96,98
109,0,1,2,3,5,6,7,8,10,11,13,14,16,17,18,19,20,22,24,25,26,27,29,30,31,32,33,34,35,38,39,40,41,44,46,47,48,49,50,52,53,54,55,56,57,58,59,60,62,63,65,66,67,70,71,72,73,74,75,77,78,80,81,84,86,87,88,89,91,92,93,94,95,96,97,98
110,0,1,2,4,5,6,7,8,9,10,11,12,14,15,16,17,18,19,20,21,23,24,26,27,28,31,32,33,34,35,36,38,39,40,42,43,44,45,47,48,49,50,51,52,54,55,56,57,58,59,60,61,62,63,64,65,66,67,68,69,70,71,72,73,74,75,77,78,79,80,81,82,83,84,85,86,88,89,90,91,92,93,94,95,97,98,99
111,0,3,4,6,9,11,12,13,18,21,22,23,24,25,26,28,30,36,37,38,39,40,41,42,43,44,45,46,48,49,52,53,55,56,57,58,60,62,63,64,65,66,67,68,69,70,71,73,75,77,78,79,80,83,84,85,87,88,89,90,91,92,93,94,95,96,99
112,1,2,5,11,12,13,14,15,17,18,21,22,24,26,27,29,31,33,35,36,37,39,41,46,49,50,51,52,54,55,57,58,59,62,63,65,66,71,72,75,76,77,80,81,82,84,87,88,89,90,91,92,93,94,95,98
113,0,1,2,6,8,9,10,11,12,15,16,18,19,20,21,22,24,25,27,28,29,30,31,32,33,34,36,37,40,42,43,47,48,50,51,52,53,54,56,58,60,61,64,65,66,67,68,69,71,74,75,76,78,79,80,81,83,87,89,90,91,92,93,94,95,96,97,98
114,0,1,2,6,7,9,10,11,14,16,19,22,23,26,27,29,31,34,37,38,41,43,45,48,54,56,59,60,61,63,64,67,71,72,73,74,77,78,79,80,82,83,85,86,87,88,89,91,92,93,94,95,96,98,99
115,0,5,6,7,9,10,11,15,19,20,29,34,36,41,47,59,64,71,76,81,88,91,92,93,94,95,98
116,2,11,51,91,92,93,94,95,99
117,0,1,2,3,4,9,12,13,14,17,18,20,22,23,26,29,31,34,35,36,39,40,41,43,46,48,50,51,52,57,58,59,61,63,64,65,68,69,70,71,72,74,76,77,78,79,80,83,87,88,90,91,92,93,94,95,96,97,99
118,2,3,6,10,13,15,16,19,21,26,29,33,36,37,39,40,41,43,47,48,49,50,51,52,54,56,57,58,59,61,62,63,64,65,66,72,74,79,80,81,83,87,89,91,92,93,94,95,98
119,0,1,2,4,5,8,9,10,11,12,13,15,16,18,19,20,21,22,23,24,25,26,28,29,30,31,32,33,35,36,37,39,40,41,43,44,45,47,48,50,51,52,54,56,57,58,59,60,62,63,67,68,69,70,71,72,73,74,75,76,77,79,81,82,83,84,85,86,88,89,90,91,92,93,94,95,97,98,99
120,0,1,2,3,4,5,6,8,9,10,11,12,13,14,15,16,18,19,20,21,22,23,24,25,26,27,28,29,31,32,33,34,35,36,37,38,39,40,41,42,43,44,45,46,47,48,49,50,53,54,55,56,57,58,59,60,61,62,63,64,65,66,67,68,69,70,73,74,75,76,77,78,79,80,81,82,83,84,85,86,87,88,90,91,92,93,94,95,97,98
121,5,8,9,12,13,15,16,17,21,22,23,24,25,28,29,31,34,35,38,40,45,48,56,62,63,64,69,72,73,76,79,82,83,84,85,86,87,90,91,92,93,94,95,99
122,1,2,3,4,11,12,26,29,30,32,41,42,43,44,46,48,49,54,57,58,60,61,62,69,71,73,74,75,77,78,79,80,83,85,87,88,91,92,93,94,95,97,99
123,1,5,7,9,10,13,20,21,22,28,39,40,47,65,72,74,88,91,92,93,94,95,99
124,0,1,2,3,4,5,6,7,8,9,10,11,13,14,17,18,20,21,23,24,26,27,28,30,31,32,33,35,37,38,39,40,41,42,43,46,50,51,53,54,56,57,58,60,62,63,64,65,66,67,68,69,71,73,77,78,79,80,81,82,83,84,86,87,88,91,92,93,94,95,96,97,98,99
125,0,1,2,3,4,5,6,7,8,10,11,12,13,14,15,16,18,19,21,23,24,25,27,28,29,30,31,32,33,34,35,36,37,38,40,41,42,43,44,45,46,47,48,50,51,52,53,55,56,57,58,59,60,62,64,65,66,67,68,69,70,71,72,73,74,75,76,77,78,79,80,81,82,84,85,86,87,88,89,90,91,92,93,94,95,96,97,98,99
126,0,1,2,4,5,9,11,12,13,16,19,21,22,23,24,26,27,30,32,33,35,38,40,42,43,44,45,46,48,49,52,54,58,60,61,62,64,65,70,76,80,83,84,85,87,88,89,91,92,93,94,95,96,98
127,0,1,2,3,4,6,7,8,10,11,12,13,14,16,17,20,22,24,25,26,27,30,32,33,34,35,36,37,39,42,43,44,45,46,47,48,50,51,52,54,56,57,58,59,62,63,65,66,68,70,71,73,75,78,79,80,82,83,85,86,87,88,89,90,91,92,93,94,95,96,97,99
128,0,1,2,3,4,5,6,7,10,11,12,13,15,16,17,18,20,21,22,23,24,25,26,27,28,29,30,31,32,33,34,35,36,37,38,39,40,41,42,43,44,45,46,47,48,49,50,51,52,53,54,55,56,57,58,59,60,61,62,64,65,66,67,68,69,70,71,72,73,74,75,76,77,78,79,80,81,82,83,84,85,86,88,89,91,92,93,94,95,96,97,98,99
129,2,7,9,10,14,15,18,19,20,21,22,23,24,26,27,29,30,35,37,39,42,44,47,48,51,52,55,57,58,60,61,63,64,65,67,68,69,70,72,73,75,78,79,80,81,83,84,86,87,90,91,92,93,94,95,96,97
130,2,5,6,9,10,12,13,16,17,19,20,21,22,23,24,26,27,29,31,32,34,39,41,42,43,45,47,50,51,52,53,54,56,57,58,61,62,63,66,67,70,72,76,77,79,81,82,83,84,85,86,87,88,91,92,93,94,95,98
131,1,3,4,6,10,11,13,14,15,17,20,22,24,25,26,27,28,29,30,32,34,36,39,40,42,45,49,50,52,54,55,56,58,59,60,63,65,66,71,72,74,77,78,79,81,82,84,85,88,91,92,93,94,95,96,97,99
132,0,2,9,12,14,19,24,29,31,32,35,38,39,40,42,47,49,50,51,52,53,54,55,56,60,61,64,65,66,67,68,71,73,74,75,76,77,82,84,85,88,89,91,92,93,94,95
133,0,1,2,3,5,6,7,8,9,10,11,12,13,17,21,22,24,25,26,27,28,30,31,32,33,35,36,37,38,40,41,42,45,46,47,48,49,50,51,53,54,56,58,59,60,62,63,64,66,67,68,69,70,72,73,75,76,77,78,79,80,81,82,83,84,85,87,88,90,91,92,93,94,95,96,97,98,99
134,0,2,3,4,5,6,7,8,14,16,17,18,19,20,21,24,26,27,28,29,31,32,33,34,38,39,40,43,44,46,49,51,52,53,54,56,58,59,62,63,66,67,68,72,73,76,79,82,83,84,85,88,89,91,92,93,94,95,99
135,1,8,9,10,11,12,17,19,22,24,31,35,37,42,43,45,49,53,54,59,66,72,73,74,76,81,83,91,92,93,94,95,96,99
136,0,1,3,5,9,11,12,16,19,20,22,23,24,25,28,30,32,33,34,36,37,38,40,44,45,46,48,50,51,53,55,56,59,60,62,64,66,67,68,69,74,77,79,80,81,83,88,89,90,91,92,93,94,95
137,0,1,2,4,6,7,8,9,10,11,13,14,15,16,19,20,21,22,23,24,25,26,28,29,30,32,34,37,38,40,41,43,44,45,46,48,49,51,53,54,55,56,58,59,60,61,62,64,65,67,68,69,71,74,75,76,83,84,85,86,87,88,89,90,91,92,93,94,95,96
138,1,2,3,4,5,6,7,8,9,10,11,12,13,14,15,16,18,19,20,21,22,23,24,25,27,28,29,30,31,32,33,34,36,37,38,39,40,43,45,47,48,49,50,51,52,53,54,55,56,57,58,59,60,61,62,63,64,65,66,67,68,69,70,71,73,74,75,76,78,79,80,81,82,84,85,86,87,88,89,90,91,92,93,94,95,96,98
139,16,35,55,74,82,91,92,93,94,95
140,0,2,3,4,5,6,7,8,9,10,11,13,14,16,17,19,20,21,22,23,24,27,28,30,31,32,34,35,36,38,39,40,42,46,48,49,50,52,53,54,55,56,58,59,61,62,63,64,65,66,67,68,71,72,74,75,76,77,78,79,80,81,83,84,85,87,89,90,91,92,93,94,95,97,99
141,1,2,5,6,7,8,9,11,12,13,15,17,18,19,20,21,23,24,25,26,27,31,32,33,35,36,37,38,39,40,42,45,46,47,50,51,52,53,54,55,56,57,58,59,62,64,66,67,68,69,70,71,73,75,78,79,80,82,84,85,86,87,88,89,90,91,92,93,94,95,97,99
142,2,3,5,6,12,17,19,20,21,22,23,29,31,32,37,39,41,46,50,56,57,58,63,67,69,78,86,87,88,91,92,93,94,95,97
143,0,1,3,6,9,10,11,12,14,15,17,20,21,23,25,27,29,30,32,33,34,35,36,37,38,39,44,48,49,51,57,58,60,63,65,67,70,73,77,78,79,82,83,84,85,86,87,88,91,92,93,94,95,98,99
144,5,8,11,12,14,19,32,41,42,52,56,57,59,75,78,81,86,91,92,93,94,95,97
145,2,4,5,7,8,12,14,15,16,17,18,19,20,21,24,26,27,30,31,35,38,40,41,42,43,44,47,49,51,52,53,57,59,60,61,63,64,68,69,70,72,75,76,77,78,80,81,82,83,85,91,92,93,94,95,96,97,98
146,0,3,4,5,6,7,9,19,21,23,25,28,30,34,38,44,45,47,48,52,58,67,73,75,77,79,80,89,91,92,93,94,95
147,0,1,12,14,16,23,26,39,40,42,44,65,71,74,90,91,92,93,94,95,96,97,98
148,0,1,2,3,4,5,6,7,8,9,11,12,13,14,15,16,17,18,19,21,23,25,26,27,28,29,30,31,32,34,35,37,38,39,40,41,42,43,44,45,46,47,48,49,50,51,52,53,54,55,56,57,59,61,62,63,64,66,67,68,69,70,71,72,73,74,75,76,77,79,80,81,82,83,84,85,86,87,88,89,90,91,92,93,94,95,96,97,98,99
149,19,54,55,89,91,92,93,94,95
150,2,7,10,15,27,40,44,49,70,78,91,92,93,94,95
151,0,3,9,10,13,14,15,16,17,25,26,27,31,32,33,34,37,39,42,44,49,50,51,52,54,55,57,62,64,65,66,67,68,71,72,74,76,79,82,83,86,87,91,92,93,94,95,98
152,0,1,2,3,4,5,6,7,8,9,10,11,12,13,14,15,16,17,18,19,21,23,24,25,26,27,28,29,30,31,32,33,35,36,37,38,39,40,41,42,43,44,45,46,47,50,51,53,54,55,56,57,58,59,60,61,62,63,64,66,67,68,69,70,71,72,73,74,75,76,77,78,79,80,81,83,85,86,87,88,89,90,91,92,93,94,95,96,97,99
153,0,1,5,6,7,11,12,16,18,19,21,22,24,25,26,27,28,29,32,33,34,36,37,39,40,41,42,43,45,46,47,48,50,51,53,54,58,59,60,61,62,63,64,65,68,69,70,71,72,74,75,77,78,81,82,83,84,86,87,89,91,92,93,94,95,96,97,98,99
154,1,6,8,9,10,14,15,16,17,18,19,20,24,25,26,27,28,30,32,33,34,35,36,40,41,42,45,46,47,50,51,54,55,56,58,59,60,62,63,66,69,74,77,79,80,81,82,85,91,92,93,94,95,96,97,98
155,0,1,2,7,10,11,12,13,14,15,16,18,20,21,23,24,25,26,27,28,30,32,35,37,39,40,41,43,44,45,46,48,49,52,54,56,58,60,61,65,66,68,70,71,72,73,74,77,78,80,82,83,84,85,88,91,92,93,94,95,97,98,99
156,0,2,4,7,9,13,14,17,21,22,26,27,30,34,35,36,38,39,41,50,55,57,62,63,67,69,70,73,75,77,79,81,82,85,86,87,88,90,91,92,93,94,95,98,99
157,1,20,37,40,43,48,49,55,62,70,77,91,92,93,94,95
158,20,48,49,50,59,68,80,85,87,91,92,93,94,95
159,5,9,26,34,77,80,91,92,93,94,95,99
160,2,8,11,18,20,21,27,35,36,38,43,46,49,67,72,83,91,92,93,94,95,98
161,2,22,33,34,36,59,83,91,92,93,94,95
162,0,3,4,8,10,11,14,18,20,25,27,29,31,32,34,35,39,40,44,46,51,54,57,58,61,63,65,73,74,80,83,85,88,89,91,92,93,94,95,98,99
163,0,9,13,16,21,22,24,25,26,28,29,31,37,40,44,52,55,56,57,58,61,62,77,78,80,82,84,87,90,91,92,93,94,95,99
164,3,4,5,6,9,12,13,17,18,25,27,30,33,34,36,38,39,45,48,51,53,54,56,57,59,62,63,64,67,70,71,72,74,75,76,77,78,80,81,82,85,90,91,92,93,94,95,97,98
165,0,10,18,21,26,44,49,56,68,78,91,92,93,94,95
166,6,9,20,29,30,31,36,40,42,43,53,55,56,59,67,69,71,77,78,84,91,92,93,94,95
167,1,4,6,8,12,13,14,33,35,37,51,54,55,57,58,66,67,70,73,74,79,82,91,92,93,94,95,96,97
168,0,1,2,3,5,6,7,8,12,15,16,17,18,22,23,25,27,28,29,31,32,33,34,35,36,37,38,40,44,47,48,50,51,53,54,55,57,59,61,63,65,66,69,70,71,72,75,77,78,80,81,82,83,84,85,87,88,90,91,92,93,94,95,98
169,2,3,10,11,13,20,22,26,27,29,34,40,44,46,47,50,51,56,63,66,67,68,70,72,81,82,84,86,91,92,93,94,95,96,97
170,0,1,2,5,6,7,8,9,10,12,13,14,16,19,20,21,22,23,24,27,28,29,30,32,33,34,35,36,38,39,41,42,43,44,45,46,47,48,49,51,52,54,55,56,57,59,60,62,63,68,75,76,77,79,82,83,84,85,86,87,88,89,91,92,93,94,95,97,99
171,1,2,4,7,8,10,12,13,14,16,17,19,20,21,22,24,30,31,32,33,35,37,38,42,44,46,51,53,54,57,61,62,63,64,65,66,67,68,69,71,74,77,79,81,82,83,84,85,86,87,88,89,91,92,93,94,95,96,98,99
172,7,15,20,21,22,29,31,33,35,36,43,44,53,54,55,57,58,68,71,79,82,87,91,92,93,94,95
173,1,3,5,10,13,17,18,20,22,27,32,33,36,37,38,39,41,42,43,46,48,52,57,58,59,60,61,63,64,65,66,67,68,69,72,74,77,85,86,91,92,93,94,95,99
174,2,3,6,8,9,10,11,13,16,20,21,22,23,24,26,27,28,29,30,32,33,34,36,37,39,41,42,43,47,50,56,59,60,61,62,63,64,66,68,69,72,73,74,75,76,77,78,79,81,82,85,88,90,91,92,93,94,95,99
175,0,1,3,14,19,21,22,31,37,43,49,50,51,57,60,61,62,65,70,72,76,77,83,87,89,91,92,93,94,95,98,99
176,1,2,5,8,10,12,13,15,18,19,20,23,24,27,28,29,34,36,39,40,45,52,58,59,60,62,63,64,67,69,70,71,72,74,76,79,83,86,87,88,90,91,92,93,94,95,97
177,0,1,2,3,4,6,7,8,9,10,11,12,13,14,15,17,18,19,20,21,22,23,24,25,26,28,29,30,31,32,33,34,35,36,37,38,39,40,41,42,43,44,46,47,48,49,50,51,52,53,54,55,56,57,58,59,60,61,62,63,65,68,69,70,71,72,73,74,75,76,77,78,79,80,81,82,85,86,87,89,90,91,92,93,94,95,96,97,99
178,0,2,7,13,16,20,21,23,26,30,35,54,56,67,69,75,80,84,85,89,91,92,93,94,95,97
179,0,6,8,11,13,14,16,17,18,23,26,31,32,34,37,39,40,41,42,43,44,46,47,51,52,54,56,58,59,62,64,65,67,68,75,76,79,91,92,93,94,95,99
180,1,2,3,4,5,6,7,9,10,11,12,13,15,16,18,20,21,22,23,24,25,29,30,32,33,34,35,36,39,41,43,44,48,49,52,53,54,55,58,61,62,63,64,68,71,75,76,82,83,84,85,86,89,90,91,92,93,94,95,96,97,98
181,0,7,9,10,12,15,17,18,20,24,26,27,29,30,31,34,38,40,43,44,46,47,51,52,53,56,57,64,65,67,70,71,72,74,75,78,82,83,85,86,87,88,90,91,92,93,94,95,97,99
182,1,4,6,9,12,13,14,19,22,23,25,26,27,34,36,44,45,49,53,54,57,58,60,62,66,67,70,71,72,76,77,78,82,86,88,89,91,92,93,94,95,96,98
183,0,1,2,6,9,10,12,13,15,16,18,27,31,32,39,41,42,44,51,52,53,55,56,58,59,64,65,71,74,75,79,89,91,92,93,94,95,96,99
184,0,1,2,3,4,5,6,7,8,9,10,11,12,13,14,16,17,20,21,22,23,24,25,28,29,30,32,33,34,35,37,38,40,41,42,43,44,45,46,47,48,50,51,52,53,54,55,56,57,58,59,63,64,65,66,67,68,69,70,72,73,74,75,76,77,78,79,80,81,83,84,85,86,88,89,90,91,92,93,94,95,96,97,98
185,1,2,4,7,14,15,28,33,34,35,36,41,47,61,62,67,71,76,81,89,90,91,92,93,94,95,98
186,0,1,2,3,4,5,6,7,8,9,10,11,12,13,14,15,17,18,19,20,21,22,23,24,25,26,27,28,29,30,31,32,33,34,35,36,37,38,39,40,41,42,43,44,45,46,47,48,49,50,51,52,53,54,55,56,57,59,60,61,62,63,64,65,66,67,68,69,70,71,72,73,74,75,76,77,78,79,80,81,82,83,84,87,88,89,90,91,92,93,94,95,96,97,98,99
187,4,25,26,27,34,46,47,49,54,56,69,74,82,88,89,91,92,93,94,95,97
188,1,2,3,4,5,6,8,9,10,11,12,15,17,18,19,20,21,23,24,25,26,27,28,30,32,33,35,36,37,38,39,40,41,42,44,45,46,47,49,50,52,53,55,56,58,59,60,62,63,64,65,66,67,69,70,74,78,79,80,81,82,83,84,85,86,87,90,91,92,93,94,95,96,97,98,99
189,0,1,2,3,4,5,7,8,10,11,12,13,14,15,16,17,18,19,20,21,24,25,26,29,30,31,32,33,34,35,36,38,39,41,42,43,44,45,46,48,51,53,55,56,57,59,60,61,62,64,65,67,68,69,70,71,72,73,74,75,76,77,78,79,81,82,83,84,85,86,87,88,89,90,91,92,93,94,95,96,97,98,99
190,0,1,2,3,4,5,9,11,12,13,14,15,17,18,19,20,23,24,25,26,27,28,29,30,31,32,33,35,37,38,39,40,41,42,43,44,45,46,47,48,50,51,52,55,57,58,59,60,61,62,63,64,65,67,70,71,73,74,75,76,77,79,80,81,82,83,84,86,89,90,91,92,93,94,95,96,97,98,99
191,0,1,2,3,4,5,6,7,8,9,10,11,12,13,14,15,16,17,18,20,21,22,23,24,25,27,28,29,30,31,32,33,34,35,36,38,39,40,41,42,43,45,46,47,48,49,52,53,54,55,56,57,58,59,60,61,62,63,65,66,68,69,70,71,72,73,74,75,76,77,78,79,80,81,82,83,85,86,87,88,89,90,91,92,93,94,95,96,97,98
192,1,2,6,7,11,12,14,18,23,25,27,28,30,31,32,34,37,38,39,41,44,45,48,50,53,58,60,66,70,73,74,76,77,80,82,84,86,88,89,90,91,92,93,94,95,96,97
193,2,9,12,13,15,22,24,25,26,27,29,30,31,32,41,42,43,44,46,47,49,50,52,55,57,61,65,68,69,70,75,76,84,86,87,91,92,93,94,95,98,99
194,0,1,2,3,8,9,10,12,14,15,16,17,19,20,21,23,24,26,27,28,29,32,33,34,37,40,41,42,43,45,46,47,48,49,50,55,56,57,62,64,65,66,68,69,70,71,73,74,76,77,79,84,88,89,90,91,92,93,94,95,96,97,98
195,0,1,2,3,4,5,6,7,8,9,11,12,13,14,15,16,17,19,20,21,22,23,24,26,27,28,29,30,31,32,33,34,35,36,37,38,39,40,41,42,43,44,45,46,47,48,49,50,51,52,54,55,56,57,58,59,60,61,62,63,64,65,66,67,68,69,70,71,72,73,74,75,76,77,78,79,80,81,82,84,85,86,87,88,89,90,91,92,93,94,95,96,97,98,99
196,0,1,3,4,5,8,10,12,13,14,15,16,17,18,19,20,21,23,24,25,26,29,30,31,32,33,34,35,36,38,39,40,41,44,45,46,47,48,50,51,52,53,54,55,57,58,59,60,61,63,64,66,67,68,70,71,72,74,75,76,77,78,79,80,81,83,84,85,86,87,88,89,90,91,92,93,94,95,96,97,98,99
197,3,4,6,8,11,12,21,23,34,40,41,43,44,45,46,47,58,59,69,70,76,81,83,86,88,91,92,93,94,95,98
198,8,13,18,24,28,40,48,50,57,58,60,65,72,74,90,91,92,93,94,95,98
199,2,11,14,15,27,28,36,37,41,44,45,47,48,49,51,52,70,75,76,79,80,82,91,92,93,94,95,99
200,1,2,3,7,10,14,15,16,18,19,23,26,27,31,32,37,38,45,46,50,61,66,68,70,71,74,82,83,85,89,91,92,93,94,95,99
201,0,1,4,7,13,14,20,30,37,38,43,44,55,57,63,66,69,75,91,92,93,94,95
202,0,1,2,5,10,11,13,14,15,19,20,32,33,39,50,52,54,55,59,62,71,72,75,81,84,87,90,91,92,93,94,95
203,0,1,2,3,4,6,7,9,11,12,14,16,18,21,22,23,25,29,30,32,36,37,41,44,48,49,50,52,53,55,56,60,62,65,66,67,68,70,74,75,76,77,78,79,80,81,82,83,84,88,90,91,92,93,94,95,98,99
204,0,1,4,7,8,9,10,11,12,13,14,15,17,18,20,21,22,23,24,25,27,29,30,32,33,34,35,36,37,38,39,40,41,42,43,44,45,46,47,49,51,52,53,54,56,58,61,62,64,65,66,67,68,69,70,71,72,73,74,75,76,77,78,79,80,81,83,84,85,86,87,89,90,91,92,93,94,95,98,99
205,6,8,16,26,27,31,37,50,69,71,74,77,79,87,91,92,93,94,95,99
206,0,1,3,4,5,7,8,9,13,14,15,16,17,18,19,21,22,23,28,29,30,33,34,36,38,39,40,42,43,45,46,49,50,51,52,53,54,56,57,59,63,65,67,73,77,78,79,80,82,83,84,85,87,88,90,91,92,93,94,95,96,98,99
207,2,3,5,7,9,10,11,13,14,16,19,23,25,26,28,29,30,31,33,34,36,37,40,43,45,46,47,48,49,53,56,60,61,62,67,68,69,70,74,76,78,79,82,84,85,86,87,90,91,92,93,94,95,99
208,0,1,2,3,4,5,6,7,8,9,10,11,12,15,16,18,19,21,22,23,24,25,26,27,28,30,31,32,33,34,35,37,38,39,41,42,43,44,45,46,48,49,50,51,52,53,54,55,56,57,58,59,60,62,63,64,66,67,68,69,70,71,72,73,74,75,76,78,79,80,81,82,83,84,85,86,87,88,89,90,91,92,93,94,95,96,98,99
209,2,4,8,9,10,11,12,13,15,16,18,21,22,24,28,29,33,34,35,36,37,40,41,42,43,44,48,50,54,56,57,58,59,62,63,64,66,67,68,69,70,71,72,73,75,76,77,79,80,83,84,86,87,88,89,90,91,92,93,94,95,97,99
210,2,6,9,12,13,15,17,19,20,22,23,24,25,29,33,34,36,46,53,57,59,60,61,64,66,70,71,73,75,76,77,81,82,84,91,92,93,94,95,96,99
211,1,2,3,5,7,8,9,10,11,12,13,14,15,17,18,22,24,25,27,28,30,31,33,34,35,36,38,42,45,48,50,51,53,55,57,60,61,62,64,65,66,68,70,71,72,73,75,76,77,78,82,83,84,85,86,89,90,91,92,93,94,95,96,97,99
212,2,7,8,10,11,13,14,15,16,23,25,30,32,41,42,43,53,56,57,59,60,71,72,73,77,78,80,85,89,90,91,92,93,94,95,96,97
213,1,2,3,4,5,6,7,10,11,14,16,17,18,19,20,21,22,25,26,29,32,34,36,37,39,40,41,44,47,48,49,50,51,53,54,56,57,58,59,60,63,65,66,67,68,70,72,73,74,76,78,79,80,81,83,84,86,87,88,90,91,92,93,94,95,96,97,99
214,6,10,12,13,17,18,19,20,23,25,30,32,33,36,44,48,52,55,56,57,59,60,61,65,68,69,71,73,74,76,79,80,84,85,88,90,91,92,93,94,95,96,98,99
215,11,17,20,24,25,57,82,89,91,92,93,94,95
216,2,3,6,7,8,9,12,14,15,22,23,25,28,31,32,36,41,45,49,53,54,56,57,59,68,70,71,74,81,82,83,85,86,87,88,89,90,91,92,93,94,95,96
217,0,2,4,7,12,13,17,20,26,29,30,38,41,43,45,47,49,52,54,57,58,62,64,65,66,68,79,83,86,88,91,92,93,94,95,99
218,1,6,7,10,12,15,19,20,22,25,31,35,43,45,46,47,48,49,56,57,59,67,69,76,78,79,80,84,87,88,90,91,92,93,94,95,98
219,0,4,11,13,15,17,18,19,20,23,24,25,27,32,33,37,41,42,44,46,47,48,51,52,63,64,65,66,67,70,76,78,79,81,84,88,91,92,93,94,95,99
220,1,2,5,8,10,14,16,18,19,21,25,27,31,36,38,41,45,46,51,53,55,57,59,63,64,79,84,88,91,92,93,94,95
221,6,12,13,27,28,32,33,43,44,48,55,56,61,63,64,74,78,79,80,83,86,91,92,93,94,95,99
222,12,21,28,31,33,35,46,51,55,60,64,66,72,74,84,86,91,92,93,94,95
223,0,4,6,11,12,17,19,22,23,24,25,27,32,34,35,37,38,39,40,41,43,44,45,46,48,49,50,51,52,53,54,56,57,58,63,65,67,69,70,71,72,73,74,76,77,79,82,83,85,86,87,89,91,92,93,94,95,96,97,98,99
224,0,1,11,12,14,16,17,18,19,23,27,28,30,35,36,44,45,46,48,49,50,52,54,56,57,58,65,66,67,68,70,71,76,79,84,85,88,89,90,91,92,93,94,95,96
225,13,22,23,29,55,60,62,64,66,70,76,86,87,90,91,92,93,94,95,98
226,0,1,2,3,4,5,6,7,8,9,11,12,13,15,16,17,18,19,20,21,22,23,24,25,26,27,28,29,30,31,32,33,34,35,37,38,39,40,41,42,43,44,45,46,47,48,49,50,51,52,53,54,55,56,57,58,59,60,61,62,63,64,65,66,67,68,69,70,72,73,74,75,76,77,78,79,80,81,82,84,86,87,88,89,90,91,92,93,94,95,96,97,98,99
227,14,19,30,33,38,46,56,58,62,67,71,77,79,81,91,92,93,94,95
228,0,1,3,8,9,11,14,15,16,17,20,23,24,25,29,32,33,34,35,36,37,38,40,44,47,48,49,51,53,56,58,59,60,63,64,65,66,68,69,71,72,73,75,77,80,81,82,83,84,85,86,91,92,93,94,95,97,98,99
229,0,2,3,8,10,12,14,20,24,25,28,30,32,39,40,41,42,44,45,48,55,56,57,60,61,65,69,70,73,75,76,78,79,80,82,83,89,90,91,92,93,94,95,96,97,98
230,2,6,9,12,14,15,16,18,21,22,23,26,28,30,32,33,41,42,44,48,50,51,57,58,59,62,65,67,68,73,76,77,79,81,89,90,91,92,93,94,95,96
231,0,1,2,3,7,8,11,12,13,14,16,22,26,27,28,31,32,34,35,37,38,40,44,48,51,53,54,55,57,59,66,67,69,72,73,74,76,77,81,84,85,87,89,91,92,93,94,95
232,3,4,9,10,12,15,19,20,21,25,28,34,40,44,47,48,50,53,57,61,62,64,68,76,78,81,83,84,86,87,91,92,93,94,95,97,98,99
233,1,3,5,6,7,8,9,10,11,12,13,14,15,16,17,18,19,20,21,22,23,24,25,26,27,28,29,30,31,32,33,34,35,36,37,38,39,40,41,42,43,44,45,46,47,49,50,51,52,53,54,55,56,57,58,59,60,61,62,63,64,65,66,67,68,69,70,71,72,74,75,76,77,78,79,80,81,82,83,84,85,86,87,88,89,90,91,92,93,94,95,96,97,98
234,5,6,18,19,29,30,49,62,72,73,77,83,85,88,91,92,93,94,95
235,1,5,6,7,9,11,12,14,16,26,28,31,39,45,50,51,52,53,54,59,64,67,68,72,76,82,84,91,92,93,94,95,98
236,29,34,49,88,91,92,93,94,95
237,12,16,17,19,39,42,51,52,60,69,79,80,90,91,92,93,94,95,96
238,0,1,3,4,5,6,7,8,9,10,11,13,16,17,18,19,20,21,22,23,24,25,26,28,29,30,31,32,33,34,35,36,37,38,39,41,42,45,46,47,49,50,51,52,53,54,55,56,57,58,59,60,61,62,63,64,65,66,67,68,69,71,72,73,74,75,76,77,78,79,80,82,83,84,85,86,87,88,89,90,91,92,93,94,95,96,97,98,99
239,0,1,3,5,6,8,11,12,13,15,19,21,22,24,25,28,31,34,35,37,39,40,41,42,45,46,52,53,63,65,67,68,73,77,78,79,81,83,84,86,87,89,91,92,93,94,95,96,99
240,0,8,9,18,19,23,24,25,32,44,47,54,55,57,58,62,64,83,91,92,93,94,95,96
241,0,2,3,6,7,10,12,14,15,19,21,24,27,34,35,36,38,39,40,41,42,44,47,57,58,60,64,65,67,69,71,80,81,82,84,86,87,91,92,93,94,95,97,99
242,0,2,3,4,6,7,8,11,12,13,16,17,18,20,22,23,24,25,26,27,28,29,30,31,32,33,34,35,36,37,39,40,41,42,43,46,47,49,51,52,53,54,55,56,57,58,59,60,61,62,63,64,67,68,69,70,71,72,73,74,75,76,79,81,82,83,85,86,87,88,89,90,91,92,93,94,95,96,98,99
243,1,2,6,7,12,14,16,17,18,20,21,22,23,24,25,26,27,28,29,30,31,33,36,37,38,39,40,41,42,43,44,45,47,48,50,51,52,56,58,59,60,61,62,63,64,65,66,70,72,74,79,80,82,83,84,85,86,87,88,90,91,92,93,94,95,97,99
244,0,1,2,3,4,5,7,10,11,12,13,15,16,17,20,21,24,25,26,30,32,34,35,37,43,44,45,48,51,53,56,59,62,63,66,67,68,72,74,77,78,79,82,84,85,87,90,91,92,93,94,95,96,97,98
245,0,2,4,5,7,10,11,16,17,19,20,21,23,26,27,28,32,33,37,39,40,42,43,45,46,47,48,49,50,51,52,54,56,57,59,63,64,65,73,74,75,78,79,82,83,86,87,88,91,92,93,94,95,96,97,98,99
246,0,1,2,4,5,6,7,8,9,10,11,12,14,15,17,18,19,20,21,22,24,26,27,30,31,32,35,36,37,38,39,40,42,44,46,50,51,53,56,57,59,60,61,63,64,65,66,67,68,69,70,71,73,75,76,77,79,80,81,82,83,86,88,89,90,91,92,93,94,95,96,98
247,0,1,2,3,5,6,7,8,10,11,12,13,16,18,19,20,21,22,24,25,27,30,32,33,34,37,38,40,41,42,43,44,45,47,48,49,51,52,54,55,57,58,59,60,61,63,65,66,67,68,69,71,72,73,74,75,76,77,79,80,82,83,85,86,87,89,90,91,92,93,94,95,96,97,99
248,2,3,4,12,13,17,19,21,23,26,30,31,34,39,40,41,48,49,50,51,53,54,57,59,60,63,65,67,68,73,74,75,85,86,91,92,93,94,95,97,99
249,6,10,13,17,29,33,38,40,44,45,46,47,63,70,74,75,77,87,91,92,93,94,95
250,4,7,10,17,18,21,32,40,43,46,51,60,63,64,67,68,70,73,74,77,82,83,88,91,92,93,94,95,98
251,1,2,4,5,7,8,9,10,11,12,13,14,16,17,18,23,25,26,27,28,30,31,32,33,35,36,38,40,45,49,52,53,55,57,58,59,60,61,62,63,64,65,66,69,72,73,74,76,77,78,79,81,83,84,85,86,87,89,91,92,93,94,95
252,0,1,4,6,7,10,11,12,14,15,16,18,19,21,23,24,25,27,30,33,34,35,39,42,46,47,48,50,52,55,56,57,61,62,63,64,65,67,68,71,74,76,77,78,79,80,81,82,84,85,86,87,88,91,92,93,94,95,96,98,99
253,0,4,7,9,11,12,23,25,27,44,46,48,51,57,59,65,69,81,91,92,93,94,95,96,99
254,0,1,2,3,4,5,6,7,8,9,10,12,13,14,20,21,22,23,24,26,27,28,29,30,31,33,34,38,39,42,43,44,45,46,47,51,52,54,55,56,58,60,62,63,64,67,68,69,70,71,72,73,75,76,77,80,81,82,83,85,86,87,88,89,91,92,93,94,95,96,97,99
255,0,2,4,6,9,15,18,35,38,40,41,43,47,48,51,55,58,73,77,80,81,83,86,90,91,92,93,94,95
256,0,1,2,4,5,7,8,9,10,11,12,13,14,15,16,17,18,19,20,21,22,23,24,25,26,27,28,29,30,31,33,34,35,36,37,38,39,40,41,42,43,44,45,46,47,48,49,51,52,53,54,55,56,57,58,59,60,61,62,63,64,66,67,69,70,71,72,73,74,75,76,77,78,79,80,81,82,83,84,85,86,87,88,89,90,91,92,93,94,95,97,98,99
257,1,3,4,8,10,11,12,15,17,19,24,29,32,34,36,37,38,42,43,44,45,46,48,52,53,58,59,61,62,63,66,67,68,75,76,80,81,82,83,89,90,91,92,93,94,95,98,99
258,0,2,3,4,5,6,7,8,9,10,11,13,14,15,16,18,19,20,21,22,24,26,27,28,30,31,32,33,34,35,36,37,38,39,40,41,42,43,44,45,46,47,49,50,51,52,53,54,55,57,59,60,61,63,64,65,66,67,68,69,70,71,72,73,74,75,76,77,78,80,81,82,83,84,85,86,87,89,90,91,92,93,94,95,97
259,2,4,6,7,10,11,15,17,20,25,28,29,32,34,36,37,40,42,48,49,50,55,59,65,67,72,74,78,80,81,83,84,86,87,91,92,93,94,95,99
260,1,2,3,4,5,6,8,9,10,11,13,14,17,18,19,20,22,24,25,28,29,30,35,37,38,40,41,42,43,45,47,49,50,52,54,55,58,59,61,62,63,65,66,68,69,70,71,72,74,77,78,79,81,83,88,89,91,92,93,94,95,98
261,1,3,4,5,12,13,17,18,19,20,21,22,23,24,28,29,31,32,35,36,37,38,44,47,50,53,56,57,59,62,64,65,66,67,68,69,70,73,74,76,79,82,83,84,87,90,91,92,93,94,95,96
262,3,9,10,14,22,25,26,30,43,59,63,67,74,75,83,88,91,92,93,94,95
263,1,2,8,13,14,20,26,34,40,43,45,52,53,55,60,63,68,70,73,75,78,84,86,91,92,93,94,95,96
264,2,3,4,6,7,9,10,11,12,13,15,16,17,18,19,20,24,25,26,27,32,34,35,37,39,42,44,46,47,50,51,52,53,54,55,56,57,58,59,61,63,64,70,72,73,77,79,81,83,84,85,90,91,92,93,94,95,96,98
265,12,28,32,33,43,44,64,65,79,87,91,92,93,94,95,99
266,12,14,19,24,30,31,32,38,43,45,66,67,72,75,76,77,79,86,87,91,92,93,94,95
267,1,3,7,8,11,12,16,20,23,28,31,33,35,40,46,47,48,49,56,58,59,63,64,65,67,69,71,77,78,79,80,81,88,89,91,92,93,94,95,96,98,99
268,17,18,26,33,45,52,60,61,68,70,78,79,81,91,92,93,94,95
269,2,4,7,8,12,15,20,29,30,34,36,41,47,52,61,64,68,69,74,77,78,79,82,91,92,93,94,95
270,0,1,4,5,6,9,10,11,12,14,16,17,20,21,22,23,25,26,28,29,30,31,32,33,34,35,36,37,38,39,40,41,42,43,44,45,46,47,48,51,52,53,54,58,61,62,63,65,69,70,71,73,75,76,77,78,81,82,83,87,88,89,91,92,93,94,95,96,97,98
271,2,8,10,11,14,15,23,30,33,34,37,43,51,58,69,77,79,91,92,93,94,95
272,2,3,18,21,24,29,33,44,46,50,67,68,72,74,77,79,89,91,92,93,94,95,96
273,34,48,55,91,92,93,94,95,96
274,0,3,5,6,9,12,14,16,18,19,20,23,25,27,28,30,31,32,34,36,38,40,41,43,44,45,46,48,50,53,54,56,57,60,68,69,73,74,75,76,77,79,81,83,84,85,86,87,88,89,91,92,93,94,95,97,99
275,0,2,3,4,5,7,8,9,10,11,12,13,14,16,17,18,19,20,21,22,23,24,25,26,27,28,29,30,31,32,34,36,37,40,41,42,43,45,46,48,49,50,51,52,53,54,55,56,57,58,60,61,63,64,67,68,69,70,71,72,74,75,76,78,79,82,83,84,85,88,89,91,92,93,94,95,96,97,98
276,0,1,3,6,7,8,9,12,13,14,15,17,18,21,22,23,24,25,26,29,30,31,35,36,37,39,40,41,42,44,48,49,50,51,52,53,54,55,56,57,58,60,62,63,65,66,67,69,71,72,74,76,78,81,82,84,89,91,92,93,94,95,99
277,3,6,10,11,13,14,18,21,22,25,26,29,30,32,34,40,42,43,44,46,47,48,50,54,57,61,62,63,65,67,68,70,71,73,74,77,79,85,89,91,92,93,94,95,97,99
278,1,2,3,4,5,6,7,8,10,12,13,16,17,19,20,21,22,24,25,26,27,28,30,31,32,34,39,40,41,42,43,44,46,47,48,50,51,52,54,55,56,57,58,59,60,61,64,65,66,67,68,69,70,71,72,73,74,75,76,77,79,81,82,83,84,85,87,88,89,90,91,92,93,94,95,96,97,98,99
279,18,23,24,28,34,41,45,50,54,58,59,61,62,65,67,70,72,90,91,92,93,94,95
280,5,45,49,66,69,74,82,86,89,91,92,93,94,95
281,4,7,8,9,12,16,17,20,21,24,28,29,32,33,34,38,42,44,52,53,55,59,61,62,63,64,67,68,69,71,73,79,81,85,89,91,92,93,94,95,98
282,5,11,13,16,27,31,32,37,38,43,44,45,46,50,54,65,67,78,79,81,82,88,90,91,92,93,94,95,96,98,99
283,2,9,15,16,18,32,35,41,48,51,55,56,57,59,64,91,92,93,94,95,98
284,0,1,3,6,7,8,10,12,13,14,15,18,20,21,23,24,28,33,34,35,37,38,39,40,41,43,45,46,50,55,56,57,58,59,60,62,63,64,65,66,67,68,70,71,72,73,74,75,76,77,81,82,83,84,86,87,90,91,92,93,94,95,96,97,98,99
285,0,1,2,3,4,7,8,9,10,11,12,13,15,16,17,18,19,23,25,26,27,29,30,33,34,35,36,37,38,39,40,41,42,43,44,45,46,47,48,49,50,51,52,53,55,57,59,60,61,64,65,66,68,69,70,72,77,78,79,80,81,82,84,86,87,88,89,91,92,93,94,95,97,98
286,1,5,7,10,12,21,23,24,25,28,29,34,35,49,51,52,57,58,59,61,65,66,70,76,78,81,83,86,91,92,93,94,95,96,98,99
287,0,3,5,15,16,18,19,21,23,27,29,34,36,39,45,49,58,63,64,70,84,89,91,92,93,94,95,97
288,0,1,4,11,14,20,31,34,35,38,41,43,48,49,51,55,57,61,64,65,68,75,76,84,89,91,92,93,94,95
289,2,26,46,49,53,59,61,63,65,74,76,77,80,89,91,92,93,94,95,98
290,0,1,2,3,4,5,7,10,11,12,14,15,16,18,19,21,22,23,24,25,26,27,28,30,31,34,35,37,38,40,42,43,45,46,47,48,49,52,53,55,56,57,58,60,61,65,66,67,68,69,70,71,72,74,75,77,79,81,82,84,86,89,91,92,93,94,95,97,99
291,0,1,2,4,5,6,7,8,9,10,11,12,13,14,15,16,17,18,19,20,21,22,23,24,25,26,27,28,29,30,31,32,33,34,35,36,37,38,39,40,41,42,44,45,47,48,49,50,51,52,53,54,55,56,57,58,59,60,61,62,63,64,66,67,68,69,70,71,72,73,74,75,76,77,78,79,80,81,83,85,86,87,88,90,91,92,93,94,95,97,98
292,1,5,7,8,9,11,12,13,14,16,17,20,21,29,33,36,38,39,40,41,47,48,51,53,56,58,59,62,69,71,74,76,77,78,81,82,85,86,88,90,91,92,93,94,95,97
293,8,19,23,28,91,92,93,94,95
294,3,8,11,13,14,15,19,20,21,22,24,25,29,32,33,34,35,37,38,39,40,45,47,48,49,51,53,54,55,58,59,61,62,63,64,65,68,69,71,72,73,77,78,79,81,82,83,84,90,91,92,93,94,95,96,99
295,3,6,10,22,24,29,30,31,33,36,39,43,49,61,62,69,76,78,83,85,88,91,92,93,94,95,96,98
296,0,1,2,3,4,5,6,7,8,9,10,11,12,14,15,16,17,18,19,20,21,22,23,24,25,26,27,28,29,30,31,32,33,35,36,37,38,39,40,41,42,43,44,45,46,47,48,49,50,51,53,54,55,56,57,58,59,60,61,62,63,64,66,67,68,69,70,71,72,73,74,75,76,77,78,79,80,81,82,83,84,85,86,88,89,90,91,92,93,94,95,96,97,98
297,6,7,15,20,25,31,33,34,40,43,56,58,60,63,65,68,71,75,87,89,91,92,93,94,95
298,1,2,3,4,5,9,10,11,13,14,15,17,18,19,20,21,22,23,24,25,27,29,30,31,32,33,36,37,38,39,40,41,42,43,44,45,46,47,48,50,51,53,54,55,56,58,59,60,61,62,63,64,66,67,68,69,70,72,73,75,77,78,80,81,82,83,85,86,87,89,90,91,92,93,94,95,96,97,99
299,4,6,8,11,12,13,15,16,20,25,27,29,32,35,37,38,40,41,42,43,44,47,49,50,52,55,57,61,62,65,67,72,73,75,78,79,80,83,85,87,88,91,92,93,94,95,96,97,98
300,23,26,50,65,91,92,93,94,95,98
301,1,2,5,8,12,15,17,18,19,21,24,25,28,30,31,37,38,40,43,44,48,53,57,59,65,75,77,78,79,82,83,86,87,88,90,91,92,93,94,95,96,97,98
302,1,2,4,5,6,8,11,12,14,15,16,17,18,19,20,22,23,24,26,27,28,29,30,31,32,33,34,35,36,37,38,40,41,42,43,45,46,47,48,49,50,53,55,56,57,58,59,60,61,62,63,64,65,67,68,69,70,71,72,74,75,76,77,78,79,80,81,82,83,84,85,86,87,90,91,92,93,94,95,96,97,98,99
303,6,8,10,11,12,19,20,23,24,26,27,33,34,35,37,38,39,40,41,45,48,49,52,53,58,62,65,67,68,69,71,75,77,81,85,90,91,92,93,94,95,97,99
304,0,1,2,4,5,6,10,12,13,14,15,16,17,19,21,24,31,32,34,35,36,39,40,41,46,50,51,52,53,56,58,59,60,62,63,64,65,68,69,72,78,79,80,81,82,84,86,88,91,92,93,94,95
305,0,1,2,4,6,7,9,10,11,15,17,18,22,23,24,26,27,29,31,32,33,36,41,43,47,48,51,53,56,57,58,59,61,68,69,71,72,73,74,78,79,80,81,86,87,88,91,92,93,94,95,96,97,99
306,3,7,11,13,14,17,20,22,24,25,26,28,29,31,36,38,40,42,43,45,47,49,50,51,52,54,58,59,60,62,69,72,73,76,77,78,80,81,85,88,91,92,93,94,95,97,99
307,3,7,13,18,25,34,66,68,70,88,90,91,92,93,94,95,96
308,6,7,15,21,28,40,50,53,55,78,91,92,93,94,95,98,99
309,0,11,12,87,91,92,93,94,95
310,2,3,4,8,10,17,21,26,28,30,31,32,36,39,41,44,45,50,52,59,61,63,67,71,72,78,80,83,86,88,89,90,91,92,93,94,95,99
311,11,14,16,17,27,28,31,33,47,48,53,61,68,71,76,84,85,87,91,92,93,94,95,96
312,5,27,44,45,85,91,92,93,94,95
313,1,2,3,5,6,7,8,9,12,14,19,21,23,24,25,30,31,34,39,40,44,45,47,51,52,53,58,59,62,63,65,66,67,69,70,71,72,74,75,76,77,78,80,82,85,89,91,92,93,94,95,97,99
314,0,1,2,3,5,6,8,9,10,11,13,14,15,16,17,18,19,20,21,22,23,24,25,26,27,28,30,31,32,33,34,36,37,38,39,40,41,42,43,44,45,47,48,49,50,51,52,53,54,55,56,57,58,59,60,64,65,66,67,68,69,70,71,72,73,74,75,76,78,79,80,81,82,83,84,87,88,89,90,91,92,93,94,95,97,98,99
315,0,2,3,5,10,11,12,15,19,22,23,26,28,32,33,35,37,42,43,44,46,47,49,52,54,56,57,58,63,64,67,68,69,70,71,72,73,75,77,80,81,82,86,87,89,91,92,93,94,95,97,99
316,0,1,3,6,15,20,23,29,32,36,37,40,41,45,51,55,58,59,66,69,71,80,82,88,89,90,91,92,93,94,95
317,0,1,2,3,4,5,7,8,9,10,11,12,13,14,15,16,17,18,19,20,21,22,23,25,26,27,29,31,32,33,34,35,36,38,39,40,41,42,43,44,45,46,47,48,49,51,52,53,54,55,56,57,58,59,60,61,62,63,64,65,66,67,68,69,70,71,72,73,74,75,76,77,78,79,80,81,82,83,85,87,88,90,91,92,93,94,95,96,98,99
318,8,18,20,21,23,24,36,51,54,60,68,73,75,76,77,78,83,89,90,91,92,93,94,95,96
319,0,1,2,3,4,5,6,7,8,9,11,12,13,14,15,16,17,18,19,20,21,22,23,24,25,27,28,29,31,32,33,34,35,36,37,38,39,40,41,42,43,44,45,46,47,48,49,50,51,52,53,54,55,56,57,58,59,60,61,64,65,66,67,68,69,70,72,73,74,75,76,77,79,80,81,82,83,84,85,86,87,88,89,90,91,92,93,94,95,96,97,98,99
320,0,1,2,3,4,6,7,8,9,10,11,12,14,15,18,20,21,22,23,24,25,27,28,29,30,32,33,34,35,36,37,38,39,40,41,42,43,44,45,46,47,48,49,50,51,52,53,54,55,56,58,59,60,61,62,63,64,66,67,68,69,70,71,72,73,74,75,77,78,79,80,81,82,83,84,85,86,87,88,89,90,91,92,93,94,95,96,97,98,99
321,3,8,9,12,13,16,17,18,19,20,21,22,23,24,25,27,28,30,31,32,33,34,36,38,40,41,43,45,46,48,49,51,52,53,55,56,59,61,64,66,69,72,74,75,77,78,81,83,85,87,89,91,92,93,94,95
322,10,12,13,14,20,22,25,28,32,34,37,43,44,51,53,54,56,59,68,71,75,85,86,87,89,91,92,93,94,95,98
323,18,72,83,91,92,93,94,95
324,1,4,7,8,11,12,15,17,18,20,21,23,24,26,27,29,30,31,32,33,34,35,36,37,38,39,40,42,43,44,45,46,47,48,49,50,51,53,54,59,60,61,62,63,66,67,68,69,70,72,73,74,75,76,77,79,80,81,82,83,85,86,87,91,92,93,94,95,98,99
325,1,5,6,8,9,11,16,18,19,20,21,25,27,28,29,30,32,35,36,37,39,40,42,44,45,46,47,48,50,52,53,56,59,60,62,65,66,68,70,71,72,73,74,75,76,78,82,83,84,86,91,92,93,94,95,96
326,1,2,6,8,9,10,19,20,24,25,26,28,29,34,36,38,39,43,47,53,57,62,63,67,69,71,79,86,91,92,93,94,95
327,0,2,3,6,7,8,9,11,13,14,15,16,17,18,20,22,24,26,27,28,29,30,31,33,34,35,37,38,39,40,41,42,44,46,47,50,51,52,53,56,57,58,60,62,64,65,67,70,73,74,75,77,78,79,80,83,84,85,86,87,88,89,91,92,93,94,95,96,99
328,3,4,9,11,14,15,19,22,31,38,42,44,46,47,48,52,57,61,63,66,68,72,77,78,82,83,87,91,92,93,94,95,97
329,0,1,3,4,5,6,7,9,10,11,13,14,15,17,18,20,21,22,23,24,28,29,30,33,34,35,38,39,41,42,43,44,45,46,47,48,49,51,53,54,55,56,57,58,59,60,62,63,64,65,66,68,69,70,71,72,73,74,77,78,80,82,83,84,85,87,88,90,91,92,93,94,95,96,98,99
330,19,28,29,30,34,55,61,67,69,73,75,83,88,91,92,93,94,95
331,2,3,4,6,9,10,15,16,17,18,20,22,23,25,31,37,39,41,42,51,55,59,62,66,69,78,80,83,84,87,88,90,91,92,93,94,95,96,97
332,0,2,3,4,6,7,8,11,12,15,16,17,18,19,20,21,22,23,24,27,30,31,34,35,37,39,40,41,42,47,48,51,53,55,61,63,66,68,69,71,72,75,76,77,82,83,86,89,90,91,92,93,94,95,96,97,98,99
333,2,5,6,7,8,9,10,11,15,16,17,18,20,22,25,26,27,30,33,34,35,36,37,38,39,42,43,44,47,49,51,53,54,55,56,57,62,63,64,65,71,72,73,74,75,76,77,78,80,81,82,84,85,86,90,91,92,93,94,95,96,97,98,99
334,0,1,2,3,4,5,6,7,8,9,10,11,12,14,15,16,17,18,19,20,21,22,23,25,26,27,29,30,31,32,33,34,35,36,37,38,39,40,42,43,44,45,46,47,48,49,50,51,53,54,55,56,57,58,59,60,61,62,63,64,65,66,67,68,69,70,71,72,73,74,75,76,77,78,79,80,81,82,83,84,85,86,87,88,89,90,91,92,93,94,95,96,97,98,99
335,1,2,4,6,8,9,11,12,13,15,17,18,19,22,23,24,25,26,29,31,32,34,37,38,39,40,41,44,46,47,48,49,50,51,52,53,54,55,59,60,62,63,64,65,67,68,69,70,71,73,75,76,78,80,81,82,83,84,85,86,88,89,90,91,92,93,94,95,96,97
336,0,14,15,22,24,28,32,38,40,42,49,54,55,62,65,68,71,72,81,83,91,92,93,94,95,98
337,4,12,17,20,21,24,26,30,31,32,34,35,40,43,44,45,46,48,57,61,62,64,65,66,67,68,69,71,72,73,75,77,78,79,80,81,82,84,85,88,90,91,92,93,94,95,98,99
338,0,1,3,4,5,6,7,8,9,13,14,15,18,19,23,25,29,30,31,33,34,35,37,38,41,44,45,46,48,49,51,52,54,55,56,57,58,59,60,61,62,63,64,66,67,69,73,74,76,77,78,79,80,81,82,83,85,86,88,91,92,93,94,95,97
339,0,1,2,3,4,5,6,7,9,10,11,12,13,14,15,16,17,18,19,21,22,23,24,25,26,28,29,30,31,32,33,34,35,36,37,39,40,41,42,43,45,46,47,48,49,50,51,52,53,54,55,57,58,59,60,61,62,63,64,65,68,70,71,72,73,74,75,76,77,78,79,80,81,83,84,85,86,87,90,91,92,93,94,95,96,97,98,99
340,0,3,4,8,10,11,12,14,16,17,18,19,20,21,22,24,25,28,31,32,33,34,37,38,39,41,43,44,46,56,57,59,61,62,64,66,67,69,71,75,76,77,78,80,82,83,85,87,89,90,91,92,93,94,95,96,99
341,0,1,5,6,8,9,10,11,12,13,14,15,16,18,19,20,22,23,27,28,29,30,31,32,33,37,40,43,44,46,47,48,50,52,56,57,58,59,60,61,62,63,66,68,69,70,72,74,75,76,77,78,79,80,81,83,84,86,90,91,92,93,94,95,96,98,99
342,0,9,16,17,18,19,29,41,43,45,47,54,55,60,63,66,68,91,92,93,94,95,98
343,0,1,2,3,4,6,7,8,9,10,11,13,14,15,16,17,18,19,20,21,22,23,24,25,26,27,28,29,30,31,32,33,34,35,36,37,38,39,40,41,42,44,45,46,47,48,49,50,51,52,53,54,55,56,57,59,60,61,62,63,64,66,67,68,69,70,71,72,73,74,75,77,78,79,80,81,82,83,84,85,86,87,88,90,91,92,93,94,95,96,97,98,99
344,1,2,3,5,6,11,13,15,16,18,21,22,24,26,27,30,31,32,35,36,37,38,39,41,42,43,45,48,50,52,53,55,56,57,59,62,63,64,65,66,67,69,70,71,72,75,76,77,80,81,82,83,85,86,87,89,90,91,92,93,94,95,97,99
345,4,9,14,15,18,19,25,26,38,40,42,44,48,51,53,59,60,61,62,63,68,71,73,82,83,85,87,89,91,92,93,94,95,96
346,0,1,2,4,6,7,8,9,10,12,13,14,15,16,21,22,23,24,25,27,28,29,31,32,35,36,38,39,40,41,45,47,50,51,53,54,55,56,57,58,59,60,61,62,63,64,65,66,67,68,69,70,72,73,74,75,76,77,78,79,80,81,82,83,84,85,86,87,89,90,91,92,93,94,95,96,99
347,0,1,2,3,4,5,6,7,8,9,10,11,12,13,14,15,16,17,18,19,20,22,23,24,25,26,27,28,29,30,31,32,33,34,35,36,38,39,41,42,43,44,45,46,47,48,49,50,51,52,53,54,55,56,57,59,60,62,63,64,65,66,67,68,69,70,71,72,73,74,75,76,77,78,80,81,82,83,84,85,86,87,88,89,90,91,92,93,94,95,96,97,98,99
348,4,9,10,11,12,13,15,16,18,22,23,28,29,32,33,35,38,40,41,42,47,49,51,52,53,54,55,56,57,59,60,66,67,68,69,73,74,77,78,79,81,83,84,85,88,89,90,91,92,93,94,95,98,99
349,18,22,31,39,44,46,51,68,79,90,91,92,93,94,95
350,0,1,2,3,4,6,7,8,10,12,14,17,18,19,20,21,23,24,25,27,28,31,32,33,34,35,36,40,44,45,46,47,48,52,57,58,59,61,63,64,67,68,69,70,71,72,73,74,75,76,77,80,82,83,85,86,87,88,91,92,93,94,95,96,97
351,0,1,4,5,6,8,10,15,18,20,21,23,24,25,27,28,31,32,34,37,39,41,42,43,45,47,48,49,51,55,59,60,61,62,63,64,65,66,67,68,69,72,74,75,79,80,81,85,88,91,92,93,94,95,96,97,98,99
352,1,3,15,21,31,33,35,37,57,63,67,70,73,87,91,92,93,94,95,97
353,0,2,3,4,7,8,10,11,12,13,14,15,18,22,24,26,27,28,30,31,33,34,35,36,37,38,39,40,42,46,47,48,49,50,55,56,57,58,61,62,63,64,65,66,67,68,69,71,72,74,75,76,77,78,80,81,82,85,87,88,89,90,91,92,93,94,95,96,97,98,99
354,1,2,6,8,9,12,14,15,16,20,22,23,24,26,27,28,29,30,31,32,33,35,36,37,38,39,40,42,43,44,45,46,47,50,51,52,54,57,58,61,62,63,67,69,70,72,75,76,77,79,80,85,89,90,91,92,93,94,95,96,97
355,1,3,6,7,9,11,13,15,16,18,19,22,23,24,26,27,29,30,31,32,33,34,35,36,39,40,41,44,45,49,52,53,54,57,61,63,65,66,68,69,72,73,74,75,76,78,79,80,82,87,88,89,91,92,93,94,95,97,98
356,1,2,3,4,5,6,7,10,11,12,13,14,16,17,18,19,20,21,22,23,25,26,28,29,31,33,35,38,40,41,42,43,45,47,48,49,50,51,52,54,55,56,57,58,60,61,62,63,66,67,68,69,70,71,74,76,77,79,81,82,83,84,85,87,88,89,90,91,92,93,94,95,97,99
357,0,1,3,4,7,8,9,10,12,16,18,20,26,31,32,35,36,37,39,40,42,43,45,46,47,48,49,53,57,58,63,64,66,67,68,69,74,75,76,77,81,85,89,91,92,93,94,95,97,98,99
358,1,2,3,4,5,6,7,9,10,11,12,13,14,15,18,19,20,21,22,23,24,25,26,27,28,29,30,31,32,34,36,38,39,40,43,44,47,49,50,52,53,54,55,56,57,58,59,60,61,62,63,65,66,67,68,70,71,74,75,76,77,78,79,80,81,82,83,84,85,86,87,89,90,91,92,93,94,95,96,98,99
359,2,4,5,6,7,8,10,13,17,21,27,30,32,33,37,41,42,43,51,56,61,64,65,66,67,68,72,75,78,81,87,91,92,93,94,95,98,99
360,1,4,5,6,7,9,10,11,13,14,15,16,18,19,20,21,22,23,25,26,27,28,29,31,32,34,35,36,38,40,42,43,45,46,47,48,49,50,51,52,57,59,60,61,62,63,64,66,67,68,69,70,71,72,73,75,76,77,79,83,84,85,86,88,89,90,91,92,93,94,95,96,98,99
361,13,24,54,74,79,84,88,91,92,93,94,95
362,0,2,3,4,5,6,7,8,9,10,11,12,13,14,16,17,18,19,20,21,22,24,25,26,27,29,30,31,32,33,35,36,38,39,41,42,43,44,45,47,48,49,50,52,53,54,55,56,57,58,59,60,61,62,63,64,65,66,67,68,69,70,71,72,74,75,78,79,80,81,82,83,84,85,86,87,88,89,90,91,92,93,94,95,96,97,98
363,2,19,27,35,39,45,47,49,63,69,76,83,88,91,92,93,94,95
364,0,1,3,5,6,7,9,10,12,13,14,15,18,21,22,23,24,25,26,27,28,29,30,31,32,34,35,36,37,38,39,40,41,42,43,45,49,50,51,52,53,57,59,63,64,65,67,68,69,70,73,74,75,76,77,78,79,80,81,82,83,85,86,88,89,90,91,92,93,94,95,97
365,1,2,3,4,6,8,10,11,13,14,16,17,18,21,22,25,27,28,29,30,32,34,35,36,39,40,41,42,43,44,45,47,48,49,50,53,55,56,59,60,64,65,66,69,70,71,72,73,76,77,78,81,82,83,85,86,89,90,91,92,93,94,95,96,97
366,0,1,2,3,5,8,9,10,13,14,16,17,19,23,24,26,27,30,32,36,37,44,45,47,48,51,52,55,60,64,67,68,70,72,73,74,78,79,81,83,86,91,92,93,94,95,96,97,98
367,3,6,9,17,20,21,33,34,37,39,41,47,58,62,66,67,69,71,72,73,74,78,79,85,89,91,92,93,94,95,96,98
368,2,9,12,14,17,18,19,23,24,31,33,42,43,48,49,52,54,61,66,67,69,72,80,91,92,93,94,95,96
369,9,23,34,35,39,41,53,58,65,66,70,75,89,91,92,93,94,95,98
370,0,1,2,3,6,7,8,10,11,13,14,15,18,19,21,22,23,24,25,27,28,29,30,31,32,33,35,36,37,38,39,40,41,42,43,44,45,46,47,48,49,50,51,52,53,54,55,56,57,58,59,60,62,63,64,65,66,68,69,70,71,72,74,75,77,78,79,82,83,84,85,86,87,88,89,91,92,93,94,95,96,97,98,99
371,3,4,5,6,10,11,12,18,19,23,27,32,36,41,43,45,46,47,52,55,64,67,74,75,76,84,88,90,91,92,93,94,95
372,0,1,2,3,6,7,8,9,10,11,12,13,14,15,16,17,19,20,22,26,27,28,32,33,36,37,40,44,45,48,49,52,53,55,56,58,59,61,62,63,66,67,68,69,70,72,73,74,77,81,82,83,84,86,87,88,89,90,91,92,93,94,95,96,97,98,99
373,1,7,8,17,23,26,29,33,34,40,41,42,43,46,48,49,51,54,55,56,58,60,62,66,67,68,69,73,74,78,79,81,82,85,86,87,88,91,92,93,94,95,98,99
374,1,3,5,6,8,10,12,13,14,27,28,29,31,35,39,40,41,42,43,44,49,50,51,52,53,55,56,57,58,59,60,64,65,69,70,71,73,74,76,77,78,79,81,82,83,84,86,87,89,90,91,92,93,94,95,97,98,99
375,0,2,8,12,15,23,33,42,44,45,55,70,78,88,91,92,93,94,95,96,99
376,1,2,3,4,5,6,7,8,9,10,11,12,13,14,15,16,17,18,19,20,21,22,23,24,25,26,27,28,29,30,31,32,33,34,35,36,37,38,39,40,41,42,43,45,46,47,48,49,50,51,52,53,54,55,56,59,60,62,63,64,65,67,69,70,71,72,73,74,75,76,77,78,79,80,81,82,84,85,86,87,88,89,90,91,92,93,94,95,96,97,98,99
377,0,2,3,4,5,6,7,8,9,10,12,13,14,15,16,17,18,19,20,23,25,26,27,28,29,30,31,32,34,36,37,40,41,42,43,44,45,46,47,49,50,51,52,54,55,56,57,58,60,63,64,65,66,67,68,69,71,72,73,74,75,76,78,79,80,81,82,85,86,87,88,89,90,91,92,93,94,95,97,98,99
378,2,3,4,6,9,10,11,13,14,16,17,18,19,20,21,22,24,25,26,27,28,30,31,32,33,36,37,38,39,40,41,43,44,47,48,49,51,53,56,57,59,60,61,62,63,64,65,66,67,68,69,70,71,73,75,76,77,78,79,80,82,83,84,85,87,88,89,90,91,92,93,94,95,96,97,99
379,1,2,3,7,8,9,10,11,12,15,17,18,19,20,27,28,30,31,32,33,36,37,38,39,42,46,47,50,51,53,56,58,60,61,63,65,66,67,69,70,77,80,82,83,85,91,92,93,94,95,96
380,1,2,5,6,9,10,11,12,13,14,15,16,18,25,28,29,30,31,34,35,37,39,40,46,47,48,49,50,51,52,54,55,56,57,59,60,62,63,65,68,69,70,71,73,74,75,76,78,81,82,84,85,86,88,91,92,93,94,95,96,97,98,99
381,1,3,4,5,6,11,13,14,15,16,17,22,24,26,27,29,30,31,34,35,36,38,39,42,43,47,48,49,50,52,53,54,55,57,58,60,62,64,65,68,69,72,73,75,76,77,78,82,83,88,91,92,93,94,95,97
382,1,5,6,8,10,15,19,21,22,23,29,32,34,41,42,48,51,53,55,59,63,64,72,79,83,87,91,92,93,94,95,96
383,1,6,8,9,10,11,13,14,18,19,21,22,23,28,30,31,32,35,37,38,40,42,43,46,49,51,54,55,56,59,60,62,63,64,66,68,69,70,71,73,77,78,80,81,83,84,86,90,91,92,93,94,95,96
384,1,8,13,23,27,28,34,41,44,46,47,52,54,62,70,71,73,74,76,78,83,88,91,92,93,94,95
385,1,2,3,4,6,7,9,10,11,12,13,14,18,19,20,21,27,30,31,33,34,35,38,39,40,41,43,44,45,46,47,48,49,50,51,52,53,55,56,57,58,60,61,64,66,67,69,71,72,74,76,77,78,80,81,82,83,84,85,87,88,89,90,91,92,93,94,95,96,97,99
386,1,3,4,5,6,9,10,12,13,17,19,20,21,23,27,28,31,34,37,38,40,41,42,43,47,49,50,55,56,58,59,62,66,71,72,74,75,76,79,81,82,84,87,90,91,92,93,94,95,97,99
387,0,4,7,9,10,15,16,19,20,21,28,30,32,40,42,43,46,47,48,50,51,52,55,56,57,61,64,65,66,67,68,69,73,74,76,79,80,82,83,85,87,89,90,91,92,93,94,95,97,98
388,0,1,2,4,5,7,10,12,13,15,16,18,19,20,21,22,24,25,26,27,28,29,30,34,36,37,42,44,46,47,48,56,58,63,64,65,66,69,72,73,75,77,78,80,83,84,85,88,89,90,91,92,93,94,95,96,97,98
389,2,5,9,15,21,34,42,43,44,46,53,56,58,63,64,65,66,73,78,85,88,89,91,92,93,94,95
390,0,7,9,15,17,21,32,40,45,56,60,66,71,76,78,80,84,85,87,91,92,93,94,95,97,98
391,3,4,6,8,11,13,14,19,20,21,22,23,25,29,30,32,33,34,35,36,37,38,39,40,41,46,48,50,52,53,54,55,58,59,64,65,66,68,69,70,72,73,76,82,83,84,85,86,87,88,90,91,92,93,94,95,96,98
392,0,1,3,6,7,8,9,10,11,12,13,16,17,19,22,23,24,26,27,28,29,30,32,33,34,36,37,38,39,40,41,43,44,46,47,49,50,51,53,56,57,58,59,60,62,65,66,67,70,71,72,73,74,75,76,77,78,79,80,81,82,83,84,85,86,87,90,91,92,93,94,95,96,97,98,99
393,0,3,5,6,7,8,13,16,17,21,22,26,27,29,34,35,39,40,41,43,45,46,47,51,56,57,58,59,61,62,66,68,71,72,73,75,77,79,80,81,82,83,88,90,91,92,93,94,95,96,97,98,99
394,0,1,5,7,12,14,18,20,22,23,25,27,28,30,32,39,40,44,46,47,51,52,54,56,57,61,66,70,71,75,78,79,80,81,85,86,87,91,92,93,94,95,97,98,99
395,6,7,8,10,16,17,19,23,28,29,31,32,36,41,43,51,54,55,64,80,84,89,91,92,93,94,95
396,0,1,2,3,4,5,6,7,8,9,10,11,12,13,14,16,17,18,19,20,21,22,23,24,25,26,27,28,29,30,31,32,33,34,35,37,38,39,40,41,42,43,44,45,46,47,49,50,51,53,54,55,56,57,58,59,60,61,62,63,65,67,68,69,70,71,73,75,76,77,78,79,81,82,83,84,85,86,87,88,89,90,91,92,93,94,95,96,97,98,99
397,1,3,5,8,9,10,13,15,16,17,20,22,23,25,27,32,34,35,41,43,44,48,52,53,54,55,58,59,63,65,69,71,72,73,75,76,80,82,84,85,86,87,90,91,92,93,94,95,96,97,98
398,2,8,13,16,24,32,37,40,43,48,54,58,59,60,62,63,75,79,80,83,87,90,91,92,93,94,95,97
399,15,32,45,54,62,86,91,92,93,94,95,96
400,0,1,3,4,5,9,11,13,16,20,22,23,25,31,32,36,38,40,41,42,45,47,48,49,50,51,52,53,54,56,57,58,59,60,62,63,64,66,67,68,69,70,72,73,74,75,78,79,80,82,83,84,85,87,91,92,93,94,95,96,98
401,0,1,6,7,8,11,12,16,18,20,23,24,25,27,29,32,33,34,35,36,37,39,45,46,48,49,52,55,57,58,61,62,64,67,69,70,71,75,80,81,82,83,87,88,90,91,92,93,94,95,97
402,13,14,39,67,91,92,93,94,95
403,27,29,33,36,38,45,53,55,60,84,85,91,92,93,94,95
404,1,2,4,8,10,12,14,15,16,17,18,20,22,23,24,28,29,31,32,33,34,35,37,38,40,41,42,44,47,48,49,55,57,58,59,60,61,62,68,70,71,72,73,74,76,77,78,79,80,81,82,83,84,85,86,87,90,91,92,93,94,95,97,98,99
405,0,1,2,3,4,5,6,7,8,9,11,12,13,14,15,17,19,20,22,24,25,27,29,32,33,35,36,38,39,40,41,42,43,44,46,47,48,49,50,52,54,55,56,57,58,59,60,61,63,64,65,67,68,69,70,71,72,74,75,76,77,78,79,80,81,84,85,86,87,88,89,91,92,93,94,95,96,97,98,99
406,2,3,7,12,13,14,16,18,30,34,42,43,45,48,49,52,59,61,65,66,67,68,69,72,73,75,76,80,81,85,87,88,90,91,92,93,94,95
407,5,8,9,14,15,17,18,39,43,48,49,50,59,63,67,68,71,73,74,75,78,79,88,90,91,92,93,94,95,98,99
408,1,9,10,11,13,15,24,28,29,32,34,36,39,42,51,52,54,57,59,66,68,74,77,78,80,82,85,89,91,92,93,94,95,96,99
409,0,4,7,10,11,12,13,14,15,19,21,25,32,34,35,39,42,43,47,50,52,53,54,56,57,58,59,61,65,66,73,74,75,77,79,81,82,85,86,87,89,91,92,93,94,95,99
410,0,1,4,5,9,13,19,24,30,33,36,37,42,44,45,50,52,53,54,56,58,60,61,64,71,73,75,77,79,80,82,86,91,92,93,94,95
411,0,2,3,4,5,6,7,8,10,11,12,13,14,17,18,19,20,21,22,23,24,25,26,27,28,29,30,31,32,34,35,36,37,38,39,41,42,43,44,45,46,47,48,49,50,51,52,53,55,56,57,59,60,61,62,63,64,67,69,70,71,72,73,74,75,76,77,78,79,80,81,82,84,85,86,87,88,89,90,91,92,93,94,95,96,97,98,99
412,0,1,4,5,7,8,9,11,12,14,15,16,18,19,20,21,22,23,24,25,26,27,29,30,31,32,34,35,36,37,38,39,40,41,42,43,44,45,46,47,48,49,50,51,53,55,56,57,58,59,60,61,62,64,65,68,69,70,71,72,74,75,76,77,79,80,81,82,83,84,85,87,88,89,90,91,92,93,94,95,97,99
413,0,1,2,4,5,7,9,10,13,14,15,16,17,18,20,21,22,23,24,25,26,29,30,31,34,35,36,37,38,39,40,41,42,43,46,47,48,49,50,51,52,54,55,56,57,58,59,60,61,63,64,65,66,67,68,70,71,72,73,74,75,76,77,78,79,80,81,82,83,84,85,86,87,88,89,90,91,92,93,94,95,96,97,98,99
414,2,4,7,11,13,14,15,18,19,25,28,29,30,38,39,40,42,43,44,45,46,47,48,49,54,55,57,59,61,62,63,66,70,71,72,74,77,78,82,86,91,92,93,94,95,97,98,99
415,7,8,9,18,22,23,24,26,27,28,30,31,35,36,38,40,41,42,43,44,45,46,47,48,53,54,55,56,57,59,60,62,63,65,67,68,69,74,75,76,77,83,84,85,87,88,89,90,91,92,93,94,95,97,98
416,0,1,2,3,4,5,10,13,15,18,22,23,24,25,26,28,30,31,33,34,36,37,39,41,42,43,47,49,55,57,58,59,60,61,63,64,65,67,68,71,73,76,77,80,82,83,84,86,87,88,91,92,93,94,95,96,97,99
417,0,1,2,3,5,6,7,8,9,10,11,13,14,15,16,18,19,20,21,22,23,24,25,26,27,28,29,30,31,32,33,34,35,36,37,38,39,40,41,42,43,44,45,46,47,48,50,52,53,55,57,58,60,63,64,65,66,67,68,69,70,71,73,75,76,77,79,81,84,86,87,88,89,90,91,92,93,94,95,96,97,98,99
418,0,1,2,4,5,6,7,8,9,10,11,12,13,14,15,16,17,18,19,20,22,23,24,25,26,27,29,31,32,33,34,35,36,37,38,39,41,42,43,45,47,50,51,53,54,56,57,58,59,61,62,63,64,66,68,69,71,73,74,75,77,78,79,80,81,82,84,85,87,88,91,92,93,94,95,96,97,98
419,3,5,6,8,14,15,17,19,21,27,29,30,31,33,35,36,40,42,44,46,51,53,55,57,59,62,66,67,68,69,72,73,74,76,77,78,84,86,87,88,90,91,92,93,94,95,96,98
420,3,5,10,14,16,19,20,22,24,25,28,32,33,35,40,42,43,44,45,46,47,48,49,50,57,65,66,68,69,72,73,74,76,77,79,80,81,85,86,89,91,92,93,94,95,96,97,98
421,13,18,19,21,30,40,44,47,48,51,56,59,62,64,67,71,79,85,87,88,91,92,93,94,95,96,97,98
422,0,1,2,3,4,5,6,7,8,9,10,11,12,14,15,17,19,20,21,22,23,26,27,29,30,31,32,33,35,36,37,38,39,40,41,42,43,45,46,48,49,50,51,52,54,55,56,57,59,60,61,62,63,64,65,67,68,69,70,71,72,73,74,76,79,80,81,82,83,84,85,86,88,89,90,91,92,93,94,95,97,98,99
423,0,1,2,5,10,12,16,17,18,19,25,27,30,33,34,35,37,39,41,42,45,48,49,50,54,57,58,59,60,63,65,67,69,72,73,78,81,82,88,91,92,93,94,95,97,98
424,0,2,3,4,5,6,7,8,9,10,11,12,13,14,15,16,17,18,19,20,21,22,23,24,25,26,27,28,29,30,31,32,33,34,35,36,37,38,39,40,41,42,43,44,45,47,48,49,50,51,52,53,54,55,56,57,58,59,60,61,62,63,64,66,67,68,69,70,71,72,74,75,76,77,78,79,80,81,82,83,84,87,88,89,90,91,92,93,94,95,96,97,98,99
425,1,2,3,4,5,6,10,11,12,13,14,15,20,24,27,28,29,30,33,34,35,36,38,39,40,41,43,44,47,50,53,54,55,56,57,58,59,61,62,63,64,65,68,69,73,74,75,77,78,79,81,83,85,86,88,89,91,92,93,94,95,96,97
426,0,1,2,3,6,7,8,9,11,12,13,15,16,18,21,24,27,29,30,31,33,34,35,36,39,40,42,43,45,46,47,48,49,50,51,53,55,56,57,59,60,62,64,65,69,70,73,74,79,80,82,84,86,89,91,92,93,94,95,96,99
427,0,1,2,3,5,6,8,9,10,11,12,13,14,15,16,17,18,19,20,21,22,23,24,25,26,27,29,30,31,32,33,34,35,36,37,39,40,41,42,43,44,45,47,49,50,51,52,53,54,55,56,57,58,59,60,61,62,64,65,66,67,68,70,71,72,73,74,75,76,77,78,79,81,82,83,84,85,86,87,88,89,90,91,92,93,94,95,96,97,98,99
428,0,1,2,3,4,5,6,7,8,9,10,11,12,13,14,15,16,18,19,21,23,25,26,27,29,31,32,35,36,37,39,40,41,42,43,45,46,48,49,50,51,52,53,55,56,59,60,61,63,64,67,69,70,71,72,73,74,75,76,77,78,81,83,85,86,88,89,90,91,92,93,94,95,96,98
429,3,4,6,8,10,13,15,17,19,21,23,26,27,28,32,33,34,35,36,37,38,42,43,45,46,49,50,51,52,53,55,56,59,60,61,62,63,65,66,67,69,71,72,75,79,80,81,82,83,84,86,87,90,91,92,93,94,95,96,98,99
430,0,15,19,39,43,46,52,56,69,78,87,91,92,93,94,95
431,1,2,3,4,6,7,11,12,13,14,18,20,22,24,26,27,28,30,31,33,34,35,36,39,40,41,42,44,45,46,47,48,50,51,52,54,58,60,62,64,66,67,68,71,72,73,74,76,77,79,80,81,82,83,84,89,90,91,92,93,94,95,96,98,99
432,0,1,3,4,5,6,7,8,9,10,11,12,13,14,16,17,18,20,21,22,23,24,25,26,27,30,33,37,38,39,41,42,43,46,47,48,49,50,51,52,53,54,56,57,58,59,60,61,63,67,68,69,70,71,72,73,74,75,76,77,78,79,81,82,83,84,85,87,88,89,90,91,92,93,94,95,97,98,99
433,0,1,2,3,4,6,8,9,12,13,15,16,19,27,29,31,34,35,40,48,52,53,57,59,60,64,66,68,70,73,76,81,82,83,85,88,90,91,92,93,94,95,97
434,0,3,4,9,13,16,18,19,21,22,25,26,33,34,35,36,41,42,46,47,48,49,50,52,53,54,55,56,58,60,62,64,66,68,69,71,73,78,82,83,84,85,86,89,90,91,92,93,94,95,96,98,99
435,0,1,2,4,5,7,8,12,13,14,16,17,21,25,27,28,31,34,36,38,40,45,51,53,61,64,67,68,71,74,75,76,77,78,79,83,88,91,92,93,94,95,97
436,0,3,4,5,8,9,10,11,13,14,15,16,17,18,19,20,21,22,23,24,25,26,28,29,31,33,34,35,36,37,38,40,41,42,43,44,46,47,50,53,54,55,56,57,59,61,62,64,65,67,69,70,71,72,73,76,77,78,80,81,85,86,87,89,91,92,93,94,95,96,97,98
437,0,1,2,3,4,5,7,8,9,10,11,12,13,14,16,17,18,19,20,21,22,23,24,25,26,27,28,29,30,31,32,33,34,35,36,37,38,39,40,41,42,43,44,45,46,47,48,49,51,52,53,56,57,58,59,60,61,62,64,65,67,68,69,70,71,72,73,75,76,77,78,79,80,81,82,83,84,85,86,87,89,90,91,92,93,94,95,96,97,98,99
438,5,6,7,11,14,15,16,17,19,20,21,22,25,26,37,43,44,45,49,58,61,62,63,67,68,71,72,74,75,76,81,82,84,89,90,91,92,93,94,95,98,99
439,0,5,8,9,13,18,19,22,28,32,33,39,40,44,46,48,49,50,59,60,65,66,67,68,72,73,76,79,83,85,86,87,91,92,93,94,95
440,0,3,4,5,7,12,13,14,15,17,18,19,21,22,23,24,25,26,30,31,32,36,38,41,44,45,47,52,53,55,56,57,59,61,62,63,66,67,69,70,71,72,74,76,78,82,83,84,87,89,91,92,93,94,95,98,99
441,0,1,2,4,6,7,10,12,13,14,15,17,18,20,23,26,28,29,32,34,36,37,38,40,42,43,45,46,48,49,51,53,54,56,60,61,62,63,67,68,69,70,71,72,73,74,75,76,78,79,81,82,84,85,86,87,89,90,91,92,93,94,95,96,97,98,99
442,1,2,4,6,7,8,9,13,14,15,16,18,19,20,21,24,25,26,27,28,29,33,34,35,36,37,38,40,42,43,45,47,48,51,55,56,57,64,65,66,68,70,75,76,78,80,81,82,84,85,86,87,88,91,92,93,94,95,96,98,99
443,1,14,15,17,41,44,47,50,51,52,65,66,81,82,90,91,92,93,94,95,96,97,98
444,0,2,4,5,6,7,8,9,10,11,12,13,14,16,17,19,20,21,22,24,25,27,28,29,30,31,32,33,35,36,37,38,40,41,42,43,44,45,46,47,49,50,52,53,54,55,56,58,59,60,61,62,63,64,65,66,67,68,69,70,71,72,73,74,75,76,77,78,79,80,81,82,84,85,86,87,88,89,90,91,92,93,94,95,97,98,99
445,0,1,2,3,4,5,6,7,8,9,10,11,13,14,15,16,17,18,19,20,21,22,24,25,26,27,28,29,32,33,34,35,36,37,39,40,41,42,44,45,46,48,49,50,51,52,53,54,55,56,57,58,59,60,61,62,63,64,65,66,67,68,70,71,72,73,75,76,77,78,79,81,82,83,84,85,86,87,88,89,90,91,92,93,94,95,96,97,98,99
446,0,1,2,3,4,5,6,7,8,9,10,11,13,14,15,16,17,18,20,21,22,26,27,28,29,30,31,32,33,34,35,36,37,38,40,42,43,45,46,47,48,49,50,51,52,53,54,55,56,57,58,59,60,61,62,63,64,65,66,67,68,69,70,71,72,75,76,77,78,79,80,81,82,83,84,85,86,87,88,89,90,91,92,93,94,95,97,98,99
447,0,4,7,13,14,15,17,18,20,22,26,30,31,35,36,38,39,40,41,42,45,47,49,57,59,60,63,64,68,72,73,74,76,77,81,83,86,88,89,90,91,92,93,94,95,97,99
448,0,2,4,11,13,14,18,19,22,23,33,34,36,39,40,42,44,45,46,47,49,52,54,55,58,60,62,63,65,66,67,71,74,75,76,79,89,90,91,92,93,94,95,98
449,0,17,28,32,38,39,42,50,57,65,68,80,87,91,92,93,94,95,96
450,1,2,3,4,7,8,9,10,14,15,16,17,18,19,20,21,23,24,25,26,27,29,31,32,33,35,36,37,38,40,41,46,48,49,50,51,55,58,59,61,62,64,65,68,69,70,71,72,75,76,77,78,83,85,86,87,88,89,90,91,92,93,94,95,96,97,98,99
451,0,1,3,7,9,10,12,14,15,16,17,18,20,21,23,24,26,27,30,31,33,34,35,36,38,39,41,42,43,44,45,46,47,48,49,50,51,53,58,59,63,64,66,68,69,70,76,77,78,80,81,82,83,86,87,88,89,91,92,93,94,95,97,98,99
452,0,1,2,3,4,5,6,7,8,9,10,11,13,14,15,16,18,19,20,21,22,23,24,25,26,27,28,29,30,31,32,33,34,35,36,37,38,39,40,42,43,44,45,46,47,48,49,50,51,52,53,54,55,56,57,58,59,60,61,63,65,66,67,68,69,70,71,72,73,74,75,77,78,79,80,81,82,83,84,85,87,88,89,90,91,92,93,94,95,96,97,98,99
453,0,2,3,4,6,8,9,10,12,13,14,15,16,17,19,21,22,23,26,29,30,32,33,34,35,37,38,40,42,43,45,46,47,48,49,50,52,53,54,55,56,58,60,61,62,63,64,65,66,67,68,69,70,71,72,73,74,77,78,79,80,81,82,83,86,87,88,89,90,91,92,93,94,95,98,99
454,33,57,63,76,91,92,93,94,95
455,0,4,7,9,13,21,22,24,28,30,32,39,44,45,49,50,51,54,55,57,59,60,61,73,78,86,91,92,93,94,95,98,99
456,0,4,10,12,26,28,29,36,38,39,42,46,47,49,51,52,53,55,57,60,61,66,70,71,74,91,92,93,94,95,97,98
457,2,6,7,11,12,15,17,20,21,22,23,24,26,31,33,37,41,46,48,56,58,59,69,71,72,75,76,77,78,79,81,85,88,90,91,92,93,94,95,99
458,0,1,2,3,4,5,7,8,9,11,12,13,14,15,16,17,18,19,20,21,24,26,27,28,32,33,34,35,37,38,39,40,41,42,43,44,45,48,49,50,51,52,54,55,56,58,59,60,62,63,64,65,68,69,70,71,73,74,75,76,77,78,79,80,81,83,85,86,90,91,92,93,94,95,96,98,99
459,3,28,35,36,56,60,74,83,91,92,93,94,95,96
460,0,1,10,13,14,19,23,24,25,26,27,28,32,34,38,39,50,53,56,58,60,61,62,68,69,71,74,80,84,85,88,91,92,93,94,95,96,99
461,0,1,2,6,7,9,11,12,14,15,16,17,19,20,22,23,24,25,26,27,28,29,30,31,32,33,34,35,36,37,38,39,40,41,42,44,45,46,48,49,50,51,52,53,54,55,56,57,58,59,60,61,62,63,64,65,66,67,68,69,70,71,80,81,82,83,84,86,87,88,89,90,91,92,93,94,95,98,99
462,0,1,2,3,5,6,7,8,9,10,11,12,13,14,15,16,17,18,19,20,21,22,24,25,26,27,28,29,30,31,32,34,35,36,38,39,40,41,42,44,45,46,47,48,49,51,52,53,54,55,56,58,59,60,61,62,63,64,65,68,69,70,71,72,74,76,77,78,81,82,83,86,87,88,89,90,91,92,93,94,95,96,97,98,99
463,14,27,33,34,42,47,48,52,58,70,72,73,75,76,78,80,89,91,92,93,94,95
464,1,2,3,4,5,6,7,9,10,11,12,13,15,16,17,18,19,20,22,23,24,26,27,29,31,35,40,42,43,47,52,53,57,58,60,61,62,63,64,66,68,71,73,80,81,82,84,85,86,87,91,92,93,94,95
465,0,2,3,6,7,8,9,10,11,12,13,14,17,18,20,21,23,24,25,28,29,30,32,33,34,36,38,39,40,41,46,47,49,50,52,53,54,55,56,58,59,60,61,62,64,65,66,67,69,73,75,76,77,80,81,82,83,84,85,86,90,91,92,93,94,95,96,97,98,99
466,0,1,2,3,4,5,6,7,8,9,10,11,12,13,14,15,16,17,18,19,20,21,23,24,26,27,28,29,30,31,32,33,34,35,36,37,38,39,40,41,42,43,44,45,46,47,48,49,50,52,53,54,55,56,57,58,59,60,61,62,63,64,65,66,67,68,69,70,71,72,73,74,75,76,78,79,80,81,82,83,84,85,86,87,88,89,91,92,93,94,95,96,97,98,99
467,0,1,2,3,5,6,7,8,9,12,15,16,17,18,20,21,22,25,26,28,29,31,33,34,35,36,37,38,42,43,46,50,53,54,55,57,65,66,67,70,72,75,76,77,78,79,81,85,87,91,92,93,94,95,97,98
468,0,1,2,3,4,6,7,8,9,10,11,12,13,14,15,16,17,18,19,20,21,22,23,25,26,27,28,29,30,31,32,33,34,35,36,38,39,40,42,43,44,46,48,49,50,51,52,53,54,55,56,59,60,61,62,63,64,67,68,69,70,71,72,73,74,75,76,77,78,80,81,82,83,85,86,87,88,89,90,91,92,93,94,95,96,97,98,99
469,2,59,66,67,90,91,92,93,94,95
470,3,4,9,11,15,19,22,23,25,26,27,31,33,36,37,40,41,44,45,46,48,49,50,51,52,53,55,56,58,63,64,66,72,75,77,78,81,85,86,87,88,91,92,93,94,95,99
471,6,8,20,21,24,25,26,27,29,30,37,41,44,53,65,68,74,81,82,86,87,91,92,93,94,95
472,1,6,17,18,19,22,25,26,28,29,31,32,33,35,38,41,42,44,46,47,49,52,55,57,59,66,70,74,78,83,86,89,91,92,93,94,95,96,97,99
473,1,5,6,13,16,17,18,19,20,21,24,27,28,30,37,39,43,44,49,53,56,57,58,61,63,64,70,71,77,80,81,83,85,88,89,91,92,93,94,95
474,1,2,4,5,6,8,11,16,18,20,21,23,25,26,27,28,29,30,37,39,41,42,43,45,47,49,50,53,55,56,58,59,62,63,66,68,70,75,76,77,78,80,82,83,84,85,87,89,91,92,93,94,95,96,99
475,0,1,2,8,9,10,11,12,13,14,19,22,24,25,27,28,30,31,32,33,34,36,39,41,43,44,45,46,47,49,50,53,54,55,57,58,60,61,64,68,69,71,72,75,76,78,79,80,81,83,84,85,86,87,88,89,91,92,93,94,95,96,97,98
476,0,1,2,3,4,6,7,8,10,11,13,15,16,17,18,19,20,21,23,24,25,27,28,29,31,32,33,34,35,36,37,43,44,45,46,47,48,49,51,52,53,54,55,58,59,61,63,64,65,66,69,70,71,72,73,74,76,81,82,83,84,85,86,87,88,90,91,92,93,94,95,96,97
477,6,16,26,30,60,71,74,87,91,92,93,94,95
478,1,4,5,7,10,12,14,18,19,21,22,26,27,28,31,33,34,42,44,47,50,61,64,71,77,80,85,86,87,89,91,92,93,94,95,96
479,1,2,6,9,10,16,18,20,29,30,31,32,35,39,41,43,44,47,48,49,50,51,55,56,58,62,63,65,71,73,75,76,78,79,80,84,88,89,91,92,93,94,95,96,97,98
480,4,11,14,19,20,23,24,29,33,34,44,49,51,58,61,62,65,71,75,83,84,86,87,89,91,92,93,94,95,99
481,2,6,7,10,13,14,16,22,50,54,70,74,79,84,91,92,93,94,95
482,0,1,2,3,5,6,7,9,11,12,13,14,15,16,17,18,19,20,23,24,25,26,28,29,30,31,32,33,34,35,37,38,40,41,42,43,44,46,48,49,50,51,52,53,55,56,57,58,59,60,61,62,63,64,66,67,68,69,70,73,74,75,76,77,78,79,83,87,89,90,91,92,93,94,95,96,97,98,99
483,1,2,4,5,7,9,10,11,12,13,14,15,16,17,19,20,21,22,26,27,28,29,30,32,37,38,42,43,46,48,49,51,52,53,54,55,56,59,61,66,68,69,71,74,76,77,78,79,82,83,84,85,86,87,88,90,91,92,93,94,95,96,97,98
484,5,25,27,29,32,44,59,76,84,85,90,91,92,93,94,95
485,0,1,3,4,5,6,7,8,9,10,11,12,13,14,15,16,17,18,19,20,21,22,23,24,25,26,27,28,29,30,31,32,33,34,35,36,37,40,41,42,43,45,47,48,49,50,51,52,53,54,55,57,58,59,60,61,62,63,64,65,66,67,68,69,70,71,72,73,74,75,76,77,78,79,80,81,82,83,84,86,87,88,89,90,91,92,93,94,95,96,97,98,99
486,0,1,3,4,8,9,10,13,16,17,18,21,24,25,26,28,30,33,35,37,38,40,41,44,45,46,47,49,52,53,56,58,59,60,62,63,67,69,72,77,78,79,80,81,86,88,91,92,93,94,95,97,98
487,3,6,7,8,10,18,26,30,31,34,37,38,42,47,49,53,57,59,60,64,67,72,74,79,80,81,82,84,87,91,92,93,94,95,98
488,0,1,2,3,4,5,6,7,8,9,10,11,12,13,14,15,16,17,18,19,20,21,22,23,24,25,26,27,29,30,31,32,33,34,35,36,37,38,39,40,41,42,43,44,45,46,47,48,49,50,51,52,53,54,56,57,59,60,61,62,64,65,66,67,68,69,70,71,72,73,74,75,76,77,78,79,80,81,82,83,84,85,86,87,88,90,91,92,93,94,95,96,97,98,99
489,1,2,3,6,7,9,13,14,19,22,23,24,31,32,34,35,36,39,40,41,42,43,44,48,49,50,52,54,55,56,57,58,59,61,62,63,64,65,66,70,71,75,76,77,79,80,85,90,91,92,93,94,95,96,98,99
490,1,3,7,13,14,16,18,19,20,23,28,30,32,33,34,36,38,42,43,45,47,49,54,56,61,63,67,68,72,73,74,78,80,81,83,84,85,87,88,89,90,91,92,93,94,95,96,97
491,5,14,15,16,21,29,32,34,42,46,52,53,56,57,66,72,73,75,79,90,91,92,93,94,95,98,99
492,0,2,4,7,8,10,11,13,15,21,22,23,24,27,29,31,34,35,36,38,39,40,42,43,44,46,48,49,50,51,56,57,58,61,63,65,66,67,70,72,76,77,86,87,88,89,91,92,93,94,95,98,99
493,0,1,2,3,6,9,10,12,18,19,20,21,24,25,28,29,30,31,33,34,35,36,38,40,43,44,45,48,49,50,51,52,54,55,60,61,64,65,66,67,68,69,70,73,74,76,79,80,81,84,88,90,91,92,93,94,95,97,98
494,17,36,53,56,60,63,75,85,91,92,93,94,95
495,0,1,2,3,5,6,7,8,10,11,12,13,14,15,16,17,18,19,20,21,22,23,24,26,27,28,29,30,31,32,33,34,37,38,39,41,42,44,45,46,47,48,49,50,51,52,53,54,55,56,57,58,59,61,62,63,64,65,66,67,68,69,70,71,72,73,74,75,76,77,78,80,81,82,83,84,85,86,88,89,90,91,92,93,94,95,97,99
496,0,2,3,4,7,9,13,14,17,21,22,23,24,26,27,29,30,35,36,37,39,40,41,42,45,46,47,49,51,52,53,54,55,56,59,60,61,64,65,67,68,69,70,72,73,74,75,76,78,79,81,84,85,90,91,92,93,94,95,96,98,99
497,0,2,4,6,7,9,11,14,16,18,19,20,21,24,27,29,30,31,33,34,37,39,40,42,45,46,47,48,50,51,56,58,59,61,62,63,64,65,67,69,70,72,73,74,75,76,78,79,82,83,85,86,87,91,92,93,94,95,96,98,99
498,0,2,3,4,5,6,9,10,11,12,15,17,18,19,20,21,23,24,25,27,28,31,32,33,35,36,38,39,43,45,46,47,50,51,52,53,54,55,56,57,58,60,61,62,63,64,65,66,67,68,70,71,72,73,74,75,76,77,78,80,84,86,87,88,89,90,91,92,93,94,95,96,98,99
499,37,45,53,83,91,92,93,94,95
500,0,2,11,18,23,26,28,31,35,38,39,45,50,62,64,65,66,68,73,82,87,91,92,93,94,95
