50 10
1,0,2,3,4,5,7,8,9,10,11,12,13,16,17,18,19,20,21,22,23,25,27,28,29,31,33,34,35,36,39,40,41,42,43,44,45,46,47,48,49,50,51,52,55,57,58,59,61,62,63,65,67,68,69,70,71,72,73,76,77,79,80,82,84,86,87,88,89,91,92,93,94,95,96,97,98,99
2,1,6,9,10,11,13,14,16,17,18,19,20,21,27,29,31,33,38,41,42,44,45,46,47,48,49,50,51,53,56,58,59,60,61,62,63,67,68,69,71,72,73,75,76,78,79,80,84,85,87,88,90,91,92,93,94,95,98
3,0,1,2,3,4,5,6,7,8,9,11,13,14,15,16,17,18,19,20,21,22,23,24,25,26,27,28,29,30,31,33,34,35,36,37,38,39,40,41,43,44,45,47,48,49,50,51,52,55,56,58,59,60,61,63,64,65,66,67,68,69,71,72,73,74,75,76,77,79,80,81,82,83,85,86,87,88,89,90,91,92,93,94,95,96,98,99
4,0,1,2,4,5,7,8,9,10,11,12,13,14,15,17,18,19,20,21,22,23,24,25,27,28,29,31,32,34,35,36,37,38,39,41,42,44,45,46,47,48,49,50,51,52,53,55,56,57,59,60,61,63,64,66,69,70,71,72,73,74,76,78,79,80,81,82,83,84,85,86,87,88,89,90,91,92,93,94,95,96,97,98,99
5,0,1,2,3,4,5,6,7,8,9,10,11,12,13,14,15,16,17,18,19,20,21,22,24,25,26,27,29,30,31,32,33,34,35,36,37,38,39,40,41,43,44,46,47,48,49,51,52,53,54,55,56,57,58,59,60,61,62,63,64,65,66,67,68,69,70,71,72,73,76,77,78,79,80,81,82,83,84,85,86,87,88,89,90,91,92,93,94,95,96,97,98,99
6,0,1,2,8,17,23,24,27,28,30,32,35,36,39,40,41,45,47,50,52,55,59,62,65,67,70,77,80,81,82,85,87,88,89,90,91,92,93,94,95,96,97,99
7,1,2,3,5,8,9,10,12,14,16,18,20,24,26,29,30,31,37,38,40,42,46,48,49,51,52,53,57,58,60,61,62,63,64,65,66,68,69,70,74,75,76,78,79,81,83,85,86,89,91,92,93,94,95,96,97,98
8,0,3,4,5,7,8,10,11,13,15,16,17,18,20,21,22,29,30,33,37,41,43,44,45,47,48,49,50,51,54,55,56,57,58,59,60,61,62,63,64,65,67,68,69,71,72,74,77,79,80,81,84,87,88,91,92,93,94,95,98
9,0,1,3,4,6,10,11,13,15,16,18,19,20,22,24,28,31,32,33,35,37,39,40,41,42,49,55,56,57,58,59,60,64,66,67,68,72,73,74,76,78,81,83,85,86,87,88,91,92,93,94,95,97,98,99
10,0,2,6,7,8,9,10,12,13,15,17,19,20,21,22,26,27,28,29,32,37,41,42,45,46,51,52,53,54,55,57,58,59,60,61,63,64,67,68,70,71,72,74,75,76,77,78,80,82,83,84,85,86,89,90,91,92,93,94,95,96,98,99
11,0,1,5,8,9,11,12,21,23,24,26,27,28,29,31,32,37,38,39,40,41,42,43,44,45,46,54,55,56,59,60,61,62,65,69,71,74,78,79,81,83,84,86,87,88,89,90,91,92,93,94,95,96,97,98
12,0,1,2,6,7,9,12,14,18,19,21,22,23,24,26,27,29,30,31,34,35,37,40,41,43,44,45,46,47,49,50,51,52,54,55,56,57,59,61,62,64,65,66,69,70,73,74,76,78,79,80,81,82,85,88,89,91,92,93,94,95,97,98
13,1,5,6,9,22,25,37,39,49,75,91,92,93,94,95,99
14,0,9,16,21,32,36,40,46,48,57,59,63,69,70,73,77,91,92,93,94,95,97
15,0,1,7,8,9,11,14,15,17,23,24,25,26,32,34,36,39,40,43,45,48,49,50,51,59,61,62,63,64,66,69,70,71,72,73,74,75,76,77,80,81,84,86,89,91,92,93,94,95,97,98,99
16,18,20,24,25,32,42,62,67,75,81,89,91,92,93,94,95
17,1,6,7,8,10,12,13,14,15,16,18,19,21,23,24,25,27,28,29,30,31,34,35,37,39,40,41,42,43,44,45,46,47,48,49,50,51,53,54,55,56,57,59,60,61,64,65,67,69,70,71,72,73,74,75,77,78,81,83,84,86,87,90,91,92,93,94,95,96,97,99
18,1,5,7,8,13,14,15,16,19,21,24,25,28,30,32,35,40,44,46,48,50,51,56,57,59,60,61,62,63,66,68,70,71,72,75,77,78,80,83,85,89,91,92,93,94,95,97,99
19,1,2,3,5,6,7,8,9,10,12,15,16,18,19,20,21,22,23,24,25,26,27,28,30,32,33,34,36,38,39,40,41,42,43,45,46,48,50,51,52,53,54,55,56,58,59,61,62,63,64,65,66,67,68,69,70,71,72,73,74,76,77,78,79,81,82,83,84,86,87,88,89,90,91,92,93,94,95,96,97,98,99
20,0,1,12,14,19,21,35,42,51,59,68,75,82,85,86,91,92,93,94,95,96
21,9,12,17,19,28,31,34,38,43,48,56,58,59,64,67,68,72,77,80,81,83,84,87,91,92,93,94,95
22,7,8,9,10,14,15,16,18,19,20,21,24,27,30,31,34,35,36,37,38,40,41,46,49,51,52,53,54,55,56,57,62,63,65,67,71,74,75,77,81,83,84,85,87,88,89,90,91,92,93,94,95,97,98,99
23,1,3,4,6,8,12,13,16,18,20,22,24,26,27,30,32,34,38,43,44,45,52,53,54,57,58,59,61,62,64,65,66,67,70,72,73,74,75,77,79,80,82,84,85,86,87,88,89,90,91,92,93,94,95,97,98
24,0,2,3,4,5,6,7,8,9,10,11,12,13,15,16,17,18,22,24,26,27,28,29,30,31,32,33,35,36,37,38,39,40,41,42,43,44,46,47,48,50,51,52,53,55,57,58,60,61,62,63,64,67,69,70,73,75,76,77,79,80,81,82,83,84,86,89,90,91,92,93,94,95,96,97,98
25,0,1,2,3,5,6,8,9,12,14,15,16,17,18,20,21,22,23,25,26,28,29,30,33,37,38,41,45,47,49,50,51,52,54,56,57,59,60,65,66,68,73,74,78,79,83,84,85,90,91,92,93,94,95,96,99
26,2,4,5,7,8,9,10,16,17,18,19,22,23,25,27,28,29,30,31,32,33,34,35,36,37,39,40,42,43,48,50,51,52,53,55,57,58,60,61,63,64,65,68,69,72,73,74,75,78,79,80,82,83,84,86,87,88,91,92,93,94,95,97,98,99
27,13,51,56,73,78,87,91,92,93,94,95,98
28,2,5,6,9,16,17,18,19,21,22,24,25,26,28,30,33,34,38,42,46,47,49,50,53,54,56,60,61,63,64,65,67,68,70,72,74,79,80,82,84,85,89,91,92,93,94,95,97,99
29,0,1,2,3,4,5,8,9,10,12,13,14,15,16,17,18,19,20,21,22,24,25,26,27,31,32,33,35,37,38,41,42,44,45,46,50,51,56,57,58,59,60,63,66,67,68,69,71,72,74,76,77,79,80,82,83,84,85,86,87,88,90,91,92,93,94,95,96,97,98
30,1,2,4,10,12,14,15,19,24,28,32,33,35,37,38,39,40,42,43,44,52,56,61,63,64,67,71,76,79,90,91,92,93,94,95,96
31,3,4,5,7,9,11,12,14,15,16,18,19,20,21,22,24,26,27,28,29,31,33,34,35,36,37,38,39,40,41,42,43,44,45,46,47,48,50,51,52,53,54,55,56,59,61,62,63,64,65,66,68,69,70,72,73,74,75,76,77,79,80,81,82,83,84,85,86,87,88,89,90,91,92,93,94,95,96,97,99
32,1,12,15,19,41,42,51,53,54,61,75,84,91,92,93,94,95
33,16,54,57,63,72,74,76,83,91,92,93,94,95
34,0,6,35,38,41,54,55,58,59,64,65,66,67,71,85,87,90,91,92,93,94,95,98
35,0,1,2,3,4,6,7,8,9,10,11,12,13,14,15,16,17,18,19,20,21,22,23,24,25,26,27,28,29,30,31,32,33,34,35,36,39,40,41,43,45,46,47,48,51,52,53,58,61,62,63,65,66,67,69,70,71,72,73,74,75,76,77,78,79,80,81,82,83,85,87,88,89,90,91,92,93,94,95,96,97,98,99
36,2,6,7,8,9,10,11,14,15,16,17,18,20,21,23,24,25,28,29,30,31,33,34,35,36,37,38,39,40,42,43,44,45,46,47,49,50,51,52,53,55,57,58,59,61,62,65,67,69,70,71,72,75,78,79,81,82,84,85,86,87,88,89,91,92,93,94,95,97,98,99
37,7,23,29,50,83,91,92,93,94,95
38,5,27,31,33,39,44,46,50,53,57,68,91,92,93,94,95,97
39,1,3,7,8,9,10,11,15,17,18,19,21,22,25,30,32,33,35,36,38,39,43,45,46,47,50,51,52,53,55,56,57,58,59,60,63,69,70,71,73,80,81,87,89,90,91,92,93,94,95,96,98,99
40,0,1,4,5,6,7,8,9,10,11,13,14,15,16,17,18,19,20,23,24,25,26,27,28,29,30,31,33,34,36,38,39,40,41,42,43,44,45,46,48,49,50,51,52,55,56,58,61,62,63,65,66,67,68,69,70,71,72,73,76,77,78,80,81,83,84,85,86,87,88,90,91,92,93,94,95,98,99
41,4,6,11,18,25,26,27,28,29,34,35,39,41,43,49,51,52,53,54,55,56,59,60,74,76,79,84,89,91,92,93,94,95,98,99
42,0,2,3,5,7,14,15,16,17,19,22,24,26,30,34,35,36,37,40,44,48,50,51,58,59,60,63,65,66,69,70,72,73,76,80,81,82,84,87,88,91,92,93,94,95,96,97,99
43,0,1,2,3,4,6,7,8,10,11,12,13,14,15,17,18,19,20,22,23,24,25,26,27,28,29,32,34,36,37,38,40,41,42,43,44,45,46,47,48,50,53,54,55,56,57,58,60,61,63,64,65,69,70,71,72,73,74,75,76,77,78,79,80,81,83,84,85,87,88,89,90,91,92,93,94,95,96,97,98,99
44,0,1,2,3,4,6,7,8,9,11,12,13,14,15,16,17,18,20,21,22,23,24,25,26,27,29,32,34,35,36,37,38,39,41,42,43,44,45,46,47,48,49,50,51,52,53,54,55,56,57,58,59,60,61,62,63,64,65,66,67,68,69,70,71,72,74,75,76,77,78,79,81,82,83,84,86,87,88,89,90,91,92,93,94,95,96,97,98,99
45,0,1,2,3,4,5,6,7,8,9,10,11,12,13,14,15,16,17,18,19,20,21,22,23,25,26,27,28,29,30,31,32,33,34,35,36,37,38,39,40,41,42,43,44,47,48,49,50,51,53,54,55,56,57,58,59,60,61,62,63,64,65,67,68,69,70,71,72,73,74,75,76,77,78,79,80,81,82,83,84,85,87,88,89,90,91,92,93,94,95,96,97,99
46,5,8,18,28,34,46,54,56,58,59,68,73,74,80,81,85,91,92,93,94,95
47,3,11,18,19,32,41,68,74,82,89,91,92,93,94,95
48,0,3,14,15,18,23,24,28,36,39,43,47,48,50,60,61,65,68,73,78,80,82,91,92,93,94,95,99
49,0,1,2,3,4,5,7,8,9,10,11,12,13,14,15,16,17,19,20,21,23,24,25,26,28,30,31,32,33,34,35,36,37,38,39,40,41,42,43,44,45,46,47,48,49,51,52,53,54,55,56,58,59,60,61,62,63,64,65,66,68,69,70,71,72,73,75,76,77,78,79,81,82,84,86,87,88,89,90,91,92,93,94,95,98,99
50,0,1,3,6,7,10,11,12,14,17,20,21,25,26,27,29,30,32,36,37,38,40,41,46,47,52,53,55,61,62,63,65,67,68,69,70,73,75,78,80,82,84,85,86,88,91,92,93,94,95,98
