50 20
1,0,4,11,12,13,14,15,17,18,22,23,26,29,31,33,35,37,38,39,40,41,45,46,49,50,51,56,57,59,61,63,64,68,72,73,74,75,77,80,83,85,86,88,89,90,91,92,93,94,95,98
2,20,26,39,57,62,77,89,91,92,93,94,95
3,1,2,3,5,6,7,8,9,10,12,13,14,16,18,19,20,21,22,23,24,25,26,28,29,30,31,32,33,34,35,36,37,38,39,40,42,43,45,46,47,48,49,50,51,52,53,56,57,58,59,61,62,63,65,66,67,70,73,74,75,76,77,78,79,81,82,84,85,87,88,91,92,93,94,95,96,97,98,99
4,15,18,22,35,41,63,69,70,71,91,92,93,94,95,98
5,1,3,4,5,6,7,8,9,10,11,12,15,19,22,23,25,26,27,29,30,31,32,38,42,45,46,47,48,49,50,52,53,54,56,62,63,66,67,68,71,72,73,76,81,84,85,87,88,89,91,92,93,94,95,96,98,99
6,10,11,14,17,19,22,27,30,36,39,44,47,50,51,55,61,62,69,83,89,90,91,92,93,94,95
7,1,2,4,5,6,9,10,11,12,14,16,17,18,19,21,23,24,25,26,30,31,32,35,37,38,39,40,41,42,43,44,45,46,48,49,50,52,53,54,55,57,58,60,62,64,65,66,67,68,70,71,74,75,76,77,79,80,81,84,85,86,88,90,91,92,93,94,95,97,98,99
8,25,26,28,33,52,62,66,68,71,77,79,80,81,82,84,88,90,91,92,93,94,95
9,0,6,8,17,18,26,27,28,31,34,36,39,48,50,51,53,59,71,73,87,91,92,93,94,95,99
10,1,3,4,6,7,10,12,13,14,15,17,18,19,20,21,22,24,25,26,28,30,31,32,33,34,35,36,37,38,39,40,42,43,44,46,47,48,49,51,52,53,54,55,56,57,58,59,61,62,63,64,66,67,68,69,70,72,73,74,75,77,78,79,80,81,83,84,85,86,87,88,89,90,91,92,93,94,95,96,97,98,99
11,0,1,2,3,4,6,7,11,12,14,16,17,19,20,21,22,23,25,26,27,28,29,33,34,38,39,41,44,47,50,51,53,56,58,59,60,64,65,67,69,71,74,76,77,79,81,87,88,90,91,92,93,94,95,96,98
12,7,8,64,67,74,75,77,81,87,91,92,93,94,95,98
13,0,1,5,6,9,12,13,19,20,21,24,27,28,31,33,37,38,39,41,42,43,44,45,46,48,49,51,52,53,56,60,61,66,68,69,70,72,73,74,75,76,77,78,80,83,85,86,87,88,89,91,92,93,94,95,96,97
14,21,68,87,91,92,93,94,95
15,0,1,4,5,6,7,12,13,14,15,16,17,18,19,21,22,23,24,25,26,29,30,31,32,33,35,36,37,38,39,40,41,42,43,44,45,46,47,48,49,50,51,52,53,54,55,56,57,59,60,61,62,63,64,65,66,67,68,69,70,72,73,74,76,77,78,79,81,82,84,85,88,89,90,91,92,93,94,95,97,98,99
16,4,6,7,8,10,12,16,18,19,20,22,23,24,25,28,30,31,34,44,45,47,49,50,52,54,56,57,59,60,61,63,64,66,68,70,71,73,78,83,84,88,91,92,93,94,95,97,99
17,11,19,24,28,40,42,91,92,93,94,95
18,0,1,3,4,6,7,9,10,12,13,14,15,16,18,19,20,21,22,23,24,25,26,27,28,29,31,33,34,35,36,38,41,42,43,44,45,46,47,48,49,51,52,54,55,56,57,59,60,61,62,63,64,66,67,68,70,71,72,73,74,75,76,78,79,80,81,82,83,84,88,89,90,91,92,93,94,95,96,97,98,99
19,46,52,57,65,86,91,92,93,94,95
20,0,1,8,34,38,44,55,57,59,62,63,65,69,82,88,91,92,93,94,95,98
21,0,1,7,8,10,13,18,20,21,22,24,25,26,27,28,31,33,36,38,41,42,43,47,50,51,53,55,56,57,58,59,60,62,65,67,68,69,73,75,76,77,79,83,84,85,86,89,90,91,92,93,94,95,96,97,98,99
22,5,8,15,21,22,23,25,33,39,40,49,53,56,60,65,66,70,77,78,79,82,84,86,91,92,93,94,95,97,98
23,17,18,22,23,24,32,38,41,71,75,79,81,91,92,93,94,95,99
24,0,1,2,3,4,5,10,11,12,15,16,17,18,19,21,22,24,25,28,29,30,31,32,33,34,35,36,37,38,39,40,41,42,43,44,45,46,47,48,49,50,52,53,54,56,57,58,59,60,61,62,63,64,65,66,67,68,69,70,71,72,73,74,75,77,78,79,80,81,82,83,84,85,86,87,88,89,90,91,92,93,94,95,96,97,99
25,1,2,3,4,5,6,7,8,9,10,11,12,13,14,15,16,17,18,20,21,22,23,24,25,26,27,28,31,32,33,34,35,36,37,38,40,41,42,43,46,47,49,50,51,54,55,57,58,59,60,61,62,63,64,65,66,67,69,70,72,73,75,76,77,78,79,80,81,84,85,86,88,90,91,92,93,94,95,96,97,98
26,1,3,8,12,14,23,26,27,42,46,52,53,56,57,59,66,70,71,74,75,77,80,89,91,92,93,94,95
27,0,2,5,6,8,9,11,13,16,18,21,22,25,26,28,29,30,32,33,35,37,38,39,40,41,42,44,45,47,52,53,55,56,57,58,60,62,64,65,66,67,68,73,74,75,76,79,81,82,84,85,87,89,91,92,93,94,95,99
28,3,9,10,11,18,21,26,29,32,33,34,35,40,41,42,47,52,54,57,60,65,67,68,69,70,71,73,75,76,77,78,81,83,84,85,86,88,91,92,93,94,95,97
29,0,1,2,3,4,5,6,7,8,9,10,11,12,13,14,15,16,17,18,19,20,21,22,23,24,25,26,27,28,29,30,31,32,33,34,35,36,37,38,39,40,41,42,43,44,45,46,47,48,49,50,51,52,53,55,56,57,59,60,61,62,63,64,65,66,67,68,69,70,71,72,73,74,75,76,77,78,79,80,81,82,83,84,85,86,87,88,89,90,91,92,93,94,95,96,97
30,3,4,11,16,26,29,31,32,36,37,41,46,51,58,59,60,65,67,70,74,77,84,90,91,92,93,94,95
31,0,1,3,4,5,7,8,9,10,11,12,15,17,18,21,22,23,24,26,27,28,29,30,31,32,33,38,40,42,43,44,45,50,56,58,59,60,61,62,64,65,66,68,69,70,71,73,74,75,78,79,81,84,88,90,91,92,93,94,95,96,97,98,99
32,0,1,2,3,4,5,6,7,8,9,10,11,13,14,15,16,19,20,21,22,23,24,25,27,28,29,30,33,35,36,37,38,40,41,42,49,50,51,52,53,54,55,57,58,59,60,61,64,66,67,68,69,70,71,72,74,76,77,78,79,80,81,82,84,85,86,88,89,90,91,92,93,94,95,98,99
33,10,15,18,45,61,62,72,88,91,92,93,94,95
34,0,1,2,4,5,6,7,8,9,10,11,12,13,15,16,17,18,19,20,21,22,23,24,25,26,27,28,29,30,31,32,33,34,36,37,38,39,40,41,42,43,44,45,46,47,48,49,50,51,52,53,54,55,56,57,58,59,60,61,62,63,64,65,66,67,69,70,72,73,74,75,76,77,78,80,82,83,84,85,86,87,88,89,90,91,92,93,94,95,96,97,98,99
35,3,5,10,15,18,27,38,41,45,48,50,57,58,62,66,82,83,90,91,92,93,94,95
36,7,22,23,30,41,47,51,55,64,65,73,82,91,92,93,94,95
37,0,1,3,4,5,6,7,8,9,10,11,12,13,14,15,16,17,18,19,20,21,22,23,24,25,26,27,28,29,30,31,32,33,34,35,37,38,39,40,41,42,43,44,45,46,47,48,49,50,51,52,53,54,55,56,57,58,59,60,61,62,63,64,65,66,67,68,69,70,71,72,73,74,76,77,78,79,80,81,82,83,85,86,87,88,89,91,92,93,94,95,96,97,98,99
38,2,5,8,9,15,18,21,25,26,28,32,40,44,46,51,61,63,68,74,82,91,92,93,94,95,99
39,5,13,17,27,31,43,46,48,51,55,58,59,61,62,66,73,74,76,80,81,82,83,84,91,92,93,94,95
40,0,1,3,4,5,6,7,8,9,10,11,12,13,14,15,16,18,19,20,21,22,23,25,27,28,29,30,31,32,33,34,35,36,37,38,39,40,41,42,44,45,46,47,48,49,50,51,52,53,54,55,57,58,59,60,61,63,64,65,66,67,68,70,71,72,73,74,75,76,77,78,79,80,82,83,84,85,86,90,91,92,93,94,95,96,97,98,99
41,3,6,8,9,14,18,19,20,21,26,27,33,34,36,37,38,39,40,41,42,43,44,45,50,51,52,53,54,55,56,58,62,64,65,66,68,70,71,73,74,76,77,78,80,81,82,83,84,85,86,88,89,90,91,92,93,94,95,96,97,98
42,1,2,8,13,15,23,24,27,28,29,43,45,46,49,50,53,55,61,62,66,67,69,70,72,82,86,87,88,90,91,92,93,94,95,97
43,0,2,7,9,18,20,22,23,24,25,35,47,49,60,62,68,69,76,80,88,89,91,92,93,94,95,98
44,0,1,2,3,4,6,8,9,11,13,14,15,16,17,18,19,20,21,23,24,25,28,29,30,31,33,36,37,39,42,43,44,45,46,47,48,50,51,52,53,54,55,56,57,58,59,61,62,64,66,67,68,69,70,71,72,73,74,75,76,78,79,82,83,85,86,87,91,92,93,94,95,96,98
45,0,1,8,9,11,15,18,19,21,23,24,25,26,27,29,31,36,41,42,43,45,46,47,48,51,52,54,56,57,58,59,60,62,63,64,66,67,68,69,70,72,73,78,79,80,85,89,90,91,92,93,94,95,96,97,99
46,0,4,7,10,11,15,20,21,22,23,27,29,30,31,34,35,36,38,39,40,42,43,44,47,48,49,51,52,60,61,67,68,71,73,76,78,84,87,88,89,91,92,93,94,95,96
47,0,1,2,3,6,7,9,15,16,17,20,22,23,24,27,28,29,30,32,34,35,36,41,42,43,46,47,48,50,51,54,57,60,63,65,68,69,72,76,78,79,85,86,87,88,89,90,91,92,93,94,95,98
48,6,12,19,25,29,34,37,43,53,55,61,65,70,74,87,90,91,92,93,94,95,99
49,2,4,7,8,10,13,14,15,29,30,33,36,38,39,43,45,47,49,51,54,59,60,61,63,67,68,69,70,72,76,77,78,80,84,87,88,89,91,92,93,94,95,96
50,1,2,3,6,7,10,11,13,14,15,16,17,18,19,21,22,23,25,26,27,28,29,30,32,33,34,35,38,39,40,42,43,44,46,47,49,51,52,53,54,55,56,57,58,59,60,62,63,64,65,66,67,68,69,70,71,75,77,78,80,82,83,84,85,86,88,89,91,92,93,94,95,96,97,98,99
