30 5
1,7,8
2,7,8
3,8,7
4,7,8
5,7,8
6,7,8
7,8,7
8,8,7
9,7
10,8,7
11,7,8
12,8,7
13,7,8
14,7,8
15,7,8
16,7,8
17,7,8
18,8,7
19,8,7
20,7,8
21,7,8
22,7,8
23,7,8
24,7,8
25,8,7
26,7,8
27,8,7
28,7,8
29,8,7
30,8,7
30 5
1,1,2,4,6
2,1,7,2,3,4,6
3,6,2,1,4,9,0,3
4,6,2,0,8,5,9,7
5,5,9,4,7,3,0,8
6,3,0,2,7,9,5,8,1,4
7,3,6,8
8,5,6,2,9,4,8,0,3
9,6,9,7,3,0
10,3,6,2,4,9,0
11,3,1,2,7,6,0
12,1,9,5,0,8,2,7
13,4,6,0,9,1,2,8,3,5
14,5,1,2,9,0,7,8,6
15,9,2,1,4
16,6,1,8,2,0,3
17,5,8,4,6
18,0,1,8,5,6,4,9
19,6,9,5,2,1,4
20,7,8,2,0
21,0,4,2,6
22,2,0,1,3
23,5,1,6,8
24,8,1,4,3
25,7,4,6,1,8,5
26,7,2,6
27,1,5,6,0,8,9,4,2
28,6,5,2,3,1,0,9,4
29,3,2,4,6,7,1
30,6,4,5,7,1
