1: 0,4,7,8,12,14,17,20,21,22,28,29,30,33,35,37,39,41,43,45,47,48,49,
2: 0,1,4,13,19,28,33,38,41,44,45,49,
3: 0,2,3,5,7,8,9,10,11,15,16,18,22,23,24,25,26,30,38,39,42,43,45,49,
4: 14,15,17,18,23,24,28,34,35,36,37,38,43,45,46,
5: 0,1,5,7,8,9,11,15,16,21,22,23,24,25,27,28,30,34,39,41,43,44,45,46,
6: 0,2,4,6,8,9,10,11,13,14,15,17,18,20,22,23,24,25,26,27,30,31,33,37,38,48,49,
7: 0,1,2,3,4,5,6,7,8,9,10,11,12,13,14,15,16,17,18,19,20,21,22,24,25,26,27,28,29,30,31,32,33,34,35,36,37,38,39,40,41,42,43,44,45,46,47,48,49,
8: 0,4,15,19,22,28,31,33,34,37,38,40,42,45,47,48,
9: 1,2,3,10,13,14,19,25,27,33,42,43,44,46,47,
10: 1,7,8,9,10,13,14,15,16,17,18,20,21,22,23,25,26,27,28,29,32,33,34,36,37,38,39,40,41,43,44,45,46,48,49,
11: 2,3,4,5,6,7,8,9,11,12,14,16,18,24,25,26,27,29,30,33,37,41,43,44,47,48,
12: 0,4,5,6,9,11,12,13,16,19,22,23,24,25,26,27,28,29,33,34,36,37,38,40,41,42,43,48,
13: 29,43,
14: 1,3,7,13,19,20,23,26,33,34,36,37,38,44,45,
15: 1,2,3,9,15,17,21,29,32,46,47,48,49,
16: 0,1,3,6,7,8,10,11,12,13,15,16,18,19,21,22,26,28,29,32,33,35,36,37,40,41,43,47,48,49,
17: 1,2,4,6,9,10,12,14,15,16,18,19,21,25,28,30,33,35,36,37,38,39,40,43,46,47,
18: 1,15,
19: 1,4,6,7,10,12,17,18,22,24,28,30,32,34,35,37,44,48,
20: 0,2,3,7,9,11,12,14,15,16,19,20,21,22,23,24,29,31,32,33,35,36,37,39,41,43,44,45,48,
21: 0,1,3,4,5,6,7,12,18,19,20,21,22,23,24,25,26,27,28,29,31,32,33,34,37,38,42,44,45,48,49,
22: 1,2,3,4,6,8,10,11,13,15,17,19,24,30,31,32,35,36,39,42,44,47,48,
23: 3,4,6,9,10,12,13,14,15,21,25,26,27,28,32,34,37,39,40,42,49,
24: 0,1,2,4,5,6,7,9,10,12,13,16,17,19,20,21,24,28,29,30,32,34,36,38,39,40,42,44,46,47,48,49,
25: 0,1,2,3,4,5,6,7,8,9,10,11,12,13,15,16,17,18,19,20,21,22,23,24,25,26,28,29,30,31,32,33,34,35,36,37,38,39,40,41,43,45,46,47,48,49,
26: 0,1,2,6,8,10,11,12,13,15,17,18,19,21,22,23,24,25,26,28,29,31,34,35,36,40,42,43,44,46,47,49,
27: 1,2,3,6,7,8,9,11,12,14,16,20,24,25,26,27,28,29,30,31,32,34,35,36,37,39,40,43,44,46,47,49,
28: 12,21,36,48,49,
29: 1,3,6,10,14,21,30,42,
30: 3,5,8,11,12,13,14,15,16,17,18,19,20,21,22,23,24,25,26,27,28,29,30,32,33,34,35,36,37,38,39,40,44,46,47,48,49,
31: 0,1,2,3,4,5,6,7,8,9,10,11,12,13,14,15,16,17,18,19,20,21,22,24,25,26,27,28,29,30,31,32,33,34,36,37,38,39,40,41,42,43,44,45,46,47,48,49,
32: 2,3,7,9,20,21,23,24,26,29,32,34,36,38,39,41,42,46,48,
33: 2,5,7,10,13,14,17,31,32,33,41,42,44,45,
34: 1,2,3,4,5,8,10,15,16,20,23,24,27,28,29,31,33,38,43,45,49,
35: 0,2,7,16,27,30,31,35,36,37,43,44,48,
36: 3,6,11,12,14,16,18,19,21,25,26,28,32,33,36,38,40,43,44,46,
37: 3,4,11,12,13,15,24,34,39,49,
38: 40,
39: 0,2,3,5,6,7,8,10,11,12,13,15,16,17,19,20,21,22,26,27,30,31,32,33,34,35,36,37,38,39,42,45,46,47,
40: 1,19,25,29,
41: 15,26,33,36,39,44,47,
42: 0,1,9,11,12,18,21,24,31,34,37,
43: 38,44,45,
44: 1,3,6,8,9,10,11,12,13,14,16,19,20,21,22,23,24,26,30,31,34,35,36,37,38,39,40,41,42,43,44,46,47,48,
45: 0,1,2,3,4,5,7,8,9,10,12,13,14,16,17,19,20,22,23,24,26,27,28,30,31,32,34,36,37,39,40,41,43,45,47,48,49,
46: 0,2,4,5,6,7,8,9,12,14,15,16,17,18,19,21,22,24,28,29,30,31,33,34,35,36,37,39,40,41,42,44,46,47,48,49,
47: 0,3,4,8,12,13,16,21,23,24,27,29,30,31,32,34,35,37,39,40,44,45,46,47,48,49,
48: 1,2,3,5,6,7,8,9,10,11,13,15,16,18,19,21,22,24,25,26,27,28,29,30,31,32,33,34,35,36,38,39,40,42,43,45,47,48,
49: 1,2,6,7,8,9,10,12,16,18,24,33,38,39,42,46,47,
50: 0,1,3,5,6,8,12,14,16,17,25,26,31,35,36,39,40,41,42,48,
51: 4,15,17,36,44,46,
52: 0,2,3,4,5,6,8,11,12,15,20,21,22,23,24,25,27,29,30,31,34,36,38,39,42,44,45,46,48,
53: 0,1,3,4,5,6,8,9,10,11,12,13,14,15,16,17,18,19,20,21,22,23,24,25,26,27,28,29,30,31,32,33,34,35,36,37,38,39,40,41,42,43,44,45,46,47,48,
54: 7,8,20,27,28,31,
55: 0,1,2,3,4,5,6,7,9,10,11,13,14,15,16,17,18,19,20,21,22,23,24,25,26,28,29,30,31,32,33,34,35,36,37,38,39,40,41,42,43,44,45,46,47,48,49,
56: 1,2,3,4,5,6,7,8,9,10,15,17,18,21,22,23,24,25,27,28,29,30,32,34,35,36,37,38,39,40,43,44,45,46,48,49,
57: 8,13,16,18,27,30,35,36,40,41,
58: 10,15,22,31,33,36,
59: 0,1,2,3,4,5,6,7,9,10,11,12,16,17,18,20,21,22,23,24,27,28,29,30,31,32,33,34,35,36,38,39,40,41,42,43,44,47,
60: 4,9,16,17,37,
61: 0,8,13,28,30,35,39,42,44,46,
62: 3,6,8,15,27,28,30,34,39,43,
63: 46,
64: 1,3,5,9,11,13,15,19,20,21,23,25,26,27,28,30,31,32,33,38,39,41,42,44,45,47,48,49,
65: 1,4,6,9,10,11,12,15,16,17,18,20,21,22,26,27,28,29,33,34,37,38,39,40,45,48,49,
66: 4,7,9,26,29,34,38,43,49,
67: 2,7,27,40,42,46,
68: 0,1,2,3,4,5,8,9,10,11,12,13,15,16,18,19,20,21,22,24,25,27,28,29,30,31,34,35,36,37,39,40,41,44,45,47,48,
69: 1,2,4,7,8,9,11,12,14,15,16,17,20,22,25,26,27,28,30,31,32,33,34,35,37,38,40,41,42,43,44,45,49,
70: 0,1,2,4,5,6,7,8,9,10,11,12,13,14,15,16,17,18,19,20,21,23,24,25,26,27,28,29,30,31,32,33,34,35,36,38,39,40,41,43,44,45,46,48,49,
71: 0,1,2,4,5,6,8,11,12,13,14,16,17,18,19,20,21,22,23,24,25,26,27,28,29,30,32,33,34,35,38,39,40,42,43,44,46,48,49,
72: 0,4,10,12,14,22,29,37,40,41,44,47,
73: 0,4,6,9,12,13,15,16,17,18,19,21,22,23,26,27,28,29,32,36,45,47,
74: 0,1,2,3,4,5,7,8,9,10,11,12,13,14,15,19,20,21,23,24,26,27,28,29,30,33,34,36,40,42,44,48,
75: 1,5,6,10,15,16,21,23,26,31,35,44,47,48,
76: 1,2,3,4,5,6,7,8,9,10,11,13,14,15,16,18,19,20,24,25,26,27,30,31,32,33,34,35,36,38,39,41,42,43,44,45,46,47,48,49,
77: 7,44,
78: 0,1,15,16,17,24,26,31,32,41,47,
79: 0,1,2,3,4,5,6,7,8,9,10,11,12,13,14,16,17,19,20,21,22,23,24,26,27,28,29,30,31,32,33,34,35,37,38,39,40,41,43,44,45,46,48,49,
80: 3,10,13,16,17,19,22,23,31,47,
81: 0,1,2,3,4,5,6,7,8,9,10,11,12,13,15,17,18,19,21,22,23,24,25,26,28,29,30,32,33,34,35,36,37,38,39,40,41,42,43,44,45,46,48,49,
82: 0,2,3,4,6,7,9,11,12,13,14,16,18,20,24,25,27,29,31,35,38,39,40,41,42,43,45,46,49,
83: 3,5,8,12,23,24,38,41,42,45,47,49,
84: 1,5,6,20,22,34,43,47,
85: 1,2,6,7,8,9,11,17,18,19,22,24,25,26,27,28,29,31,33,36,39,40,41,42,43,44,45,47,49,
86: 40,48,
87: 1,2,3,4,5,7,8,9,10,12,13,14,15,17,18,19,20,21,22,23,24,25,27,30,31,32,34,35,36,37,38,39,40,41,42,43,46,47,48,49,
88: 1,2,3,9,12,15,16,20,26,27,29,32,34,36,37,38,40,46,48,49,
89: 2,10,11,16,19,39,44,45,46,48,
90: 1,2,7,8,24,28,36,
91: 0,2,9,10,13,14,15,16,17,18,19,23,24,25,27,28,31,36,37,38,39,40,42,46,
92: 3,4,21,28,35,36,37,40,45,
93: 0,4,5,7,8,9,10,12,16,20,22,26,27,28,29,31,32,33,39,40,41,46,48,
94: 0,1,2,3,5,7,8,9,10,11,12,13,15,16,18,19,20,21,23,24,25,26,27,28,29,32,33,34,35,36,37,39,40,41,42,43,44,45,46,47,48,
95: 0,3,7,8,10,11,12,13,15,16,19,21,23,27,28,29,30,31,33,35,36,38,39,40,41,44,45,47,49,
96: 0,4,6,9,12,16,19,26,28,29,32,34,39,40,41,42,44,46,47,
97: 2,26,48,
98: 1,2,3,7,8,10,11,24,26,30,31,32,35,37,38,39,40,41,45,49,
99: 0,1,2,3,4,5,6,7,8,9,10,11,12,13,14,15,16,17,18,19,20,21,22,23,24,25,26,27,28,29,30,31,32,33,34,35,36,37,38,39,40,42,43,44,45,46,47,48,49,
100: 0,1,2,4,6,7,11,13,14,15,17,18,19,20,21,22,23,25,26,28,31,32,33,35,38,40,41,43,45,47,48,
