150 30
1,37,75,13,82,49
2,15,46,29,93,42,89,90,9,47,35,14,69,28,38,81,31,77,7,54,4,68,75,27,87,40,16,21,61,17,36,95,79,70,26,92,50,86,45,20,24,99,2,37,22,30,62,55,60,96,5,41
3,34,40,69,86,91,67,52,90,48,26,46,41,6,76,18,89,95,62,28
4,24,90,31
5,91,68,66,45,14,82,73,20,30,0,81,75,28,58,88,52,36,70,32,71,15,1,89,46,49,19,57,27,41,35
6,11,25,66,76,87,27,69,60,0,68,83,35,86,55,1
7,1,37,71,47,64,59,31,49,38,83,88,50,17,35,84,67,75,63,14,13,56,61,28,9,51,15,93,66,24,53,5,48,82,55,7,90,39,81,36,54,86,44,18,68,8,78,10,94,79,52,74,46,91,92,20,22,97,96,87,30,69
8,33,58,12,30,21,45,15,84,43,31,55,92,95,26,28,6,87,1,90,76,68,18,8,98,63,42,22,89,50,73,96,88,17,91
9,81,66,98,26,88,29,22,7,39,59,91,93,0,47,19,56,33,77,15,1,42,8,85,36,12,31,9,13,52,69,84,82,55,44,20,51,73,25,67,79,14,35,50,80,72,96,68,48,70,2,54,38,4,63,40,65,76,37,83,57,60,53,89,17,58,62,45,87,16,11,18,75,30,27,74,64,86,92,28,99,21,94,3,24,78,46
10,96,75,64,44,14,84,78,97,45,8,92,48,57,9,93,17,55,90,6,46,73,19,61,70,88,10,98,5,76,99,68,49,51,77,25,34,53,0,3,22,11,30,28,65,32,13,81,89,36,86,87,72,20,83,71,63,41,66,35,50,62,24,40,27,33
11,35,67,72,85,17,92,64,48,25,74,96,90,12,70,13,3,22,30,8,81,54,97,91,99,62,6,1,18,79,11,20,83,31,2,68,80,93,78,63,44,58,82,46,53,94,98,0,88,29,65,57,40,15,34,66,19,36,69,60,38,47,55,95,84,23,86,9,24,56,71,32,49,51,37,45,76,5,75,41,28,21,50,10,87,39,73,14,42,61,77
12,9,38,96,50,80,21,69,97,91,29,58,2,43,83,5,95,15
13,61
14,11,47,97,65,82,50,62,28,81,58,37,73,86,1,32,74,57,95,34,99,90,75,30,29,60,49,83,27,22,13,16,3,45,94,44,69,98,35,92,78,48,21,71,4,52,24,88,96,8,63,64,0,23,31,6,54,43
15,33,80,15,26,53,99,81,96,8,37,72,92,73,58,50,21,27,40,47,16,87,1,38,5,90,51,67,91,18,29,93,71,35,65,43,45,76,59,11,19,89,75,83,69,95,3,30,82
16,4,15,49,20,34,45,40,7,76,82,47,33,50,39,37,60,26,55,18,64,27,74,16,21,80,54,93,98,73,14,58,84,52,96,95,35,6,10,87,59,79,44,90,89,65,57,28,13,48
17,87,81,93,36,22,79,91,7,37,77,42,53,56,6,54,50,25,29,46
18,70,52,26,80,57,60,61,12,9,17,25,16,13,46,68,39,38,1,81,96,28,11,33,86,69,58,84,51,21,78,95,0,23,29,88,42,98,87,4,19,41,40,71,82,14,45,93,36,37,48,5,65,66
19,87,55,13,72,60,34,20,78,0,23,62,98,49,36,6,77,28,16,47,5,21,8,92,73,4,1,10,91,75,26,7,54,86,53,9,56,40,32,12,67,57,11,99,33,65,38,97,94,88,81,48,59,93,76,39,15,46,41,74,79,17,51,85,19,64,68,2,58,80,25,63,29,61,31,43,30,84,66,82,70,71,44,45,96,35,83
20,24,38,91,97,18,61,62,17,88,25,5,68,99
21,52,74,78,27,59,57,12,25,53,62,79,90,66,80,43,94,0,51,68,37,97,47,98,26,48,63,11,15,42,69,60,32,56,77,9,21,45,85,81,33,72,70,76,91,87,89,88,36,6,44,20,82,3,86,22,29,67,16,10,61,4,8,31,40,73,92,75,95,58,99,93,2,19,83,28,7,34,71,38,5,39,65,18,30,17,49,23,46,1,24,35,55,84,64,14,54
22,18,35,88,13,32,77,22,17,78,39,94,25,79,11,47,76,93,31,29,48,62,44,72,73,20,50,55,83,3,28,91,99,37,7,9,64,43,85,66,61,53,52,74,45,82,84,97,98,60,92,36,6,54,69,51,56,96,41,34,2,30,14,86,19,71,33,26,81,5,65,46,90,70,21,16,67,12,40,59,63,58,0,24,49,4,95,8,38
23,44,63,69,13,57,80,72,20,87,67,41,38,33,51,96,45,47
24,6,54,62,29,88,27,7,20,16,78,41,17,70,86,38,45,71,18,72,51,93,26,4,96,1,9,65,91,49,64,92,59,3,37,43,74,5,34,36,47,30,42,24,77,52,87,66,50,31,32,39,68,67,53,0,69,85,15,94,89,82,57,12,79,83,25,19,84,46,8,73,55,63,76,81,33,11,80,75,90,10,23,95,28,44,48
25,85,30,52,68,12,51,75,67,91,8,5,78,94,83,80,60,77,20,87,13,46,50,11,99,27,48,72,53,63,56,33,35,88,32,38,71,37,69,40,55,1
26,86,35,89,73,62,98,29,58,39,4,18,90,15,88,2,81,80,67,11,68,47,37,50,17,53,60,16,1,82,46,30,9,94,33,59
27,96,69,48,46,78,47,49,0,61,12,26,70,84,1,93,6,73,19,34,64,87,63,53,27,41,59,30,55,91,45,14,51,52,56,4,95,54,76,89,99,29,60,79,43,75,16,74,66,25,44,38,77,94,81,90,57,67,80,40,35
28,2,20,91,62,16,23,80,30,65,61,42,49,13,83,67,75
29,86,74,71,6,57,81,44,75,32,38,21,37,90,76,41,55,69,53,72,26,63,91,59,36,87,68,54,85,78,50,45,96,92,52,73,89,5,0,84,10,40,33,23,7,82,2,99,30,60,25,97,28,65,3,19,80,58,56,43,15,94,51,70,47,27,8,93,22,42,77,39,79,16,83,67,46,20,17,88,62,9,95,13
30,85,99,89,18,96,56,3,73,51,70,4,6,84,37,41,27,79,48,2,35,26,93,9,49,63,1,75,80,33,12,24,53,54,67,50,16,10,39,13,19,20,90,38,34,32,71,60,55,87,8,29,91,22,7,62,5,25,52,15,28
31,66,19,85,48,76,44,87,32,49,35,73,97,27,25,39,18,96,11,75,57,65,3,67,28,60,31,84,46,80,21,52,14,50,26,55,69,20,82,91,68,72,86,1,99,95,36,4,7,64,70,33,12,63,10,78,2,89,5,41,37,6,94,53,40,51,42,34,43,79,17,90,22,24,81,92,45,30,58,61,23,29
32,55,61,54,98,29,71,19,13,43,12,94,74,68,42,37,22,77,5,3,9,32,86,57,48,85,96,53,62,82,52,30,1,95,70,60
33,67,41,7,95,26,97,90,20,27,17,5,8,33,23,69,13,94,87,43,79,6,50,1,63,0,22,84,65,60,40,72,58,78,71,30,47,62,42,36,53,45,98,83,19,55,93,34,92,73,16,44,85,82,54,81,99,32,74,76,12,11,77,3,35,75,91,59,38,14,70,96,24,10,51,89,61,68,39,64,31,46,21,28,56,18,52,66,86,29,49,2,37,25,57,9,80,15
34,43,41,38,96,36,55,84,26,11,90,1,33,13,86,72
35,48,14,9,53,63,49,93,8,78,21,76,45,7,72,10,92,19,88,51,11,23,91,33,1,89,75,4,83,52,16,20,3,97,35,54,13,36,62,24,82,69,98,2,80,65,61,44,55,68,43,31,26,50,47,77,70,59,79,85,22,17,95,25,39,41,28,60,66,30,64
36,33,1,67,36,91,29,68,34,43,90,58,53,0,51,28,57,59,79,78,31,96,45,6,85,71,19,10,23,17,89,20,55,86,66,70,93,74,16,15,60,26,77,47,8,99,18,76,63,38,13,92,88,30,25,64,14,54,97,72,24,39,65,94,62,5,11,50,95,40,12,44,84,75,7,81,42,35,82,46,27,69,22
37,48,69,38,36,2,86,63,32,58,19,26,91,53,65,80,42,64,60,88,5,85,68,9,98,35,90,6,95,81,37,7,4,11,17,71,82,87,61,83,10,3,43,96,31,79,23,33,52,39,14,94,29,54,99,49,50,22,13,74,51,40,59,45,16,76,0,20,70,62,46,77,28,1,34,47,41,15,92
38,85,47,6,61,35,98,38,30,8,93,39,18,64,73,48,17,53,80,36,50,96,77,46,26,41,75,56,12,66,83,5,28,1,92,40,65,20,76,32,95,44,59,91,51,99,54,15,45,71,22,57,3,88,43,7,21,87,69,78,81,63,24,23,52,27,31,72,37,68,11,86,42,90,70,33,89,58,19,62,79,84,97,2,55,25,29,49,13
39,97,34,16,21,48,11,84,80,23,76,85,44,13,43,77,68,9,67,78,2,14,90,95,35,75,40,5,81,99,36,32,71,54,66,27,60,47,41,63,17,89,6,45,62,28,50,98,10,56,87,26,92,18,38,20,53,39,51,1
40,30,11,51,4,32,28,77,0,41,93,46,78,12,91,82,69,71,3,76,99,80,79,7,25,90,44,13,54,39,56,20,86,17,94,47,21,38,29,53,89,81,84,2,75,5,45,67,65,37,15,27,14,48,85
41,64,20,25,49,7,77,67,0,85,32,70,83,41,52,72,5,21,99,13,80,53,2,19
42,3,18,90,68,80,4,0,47,88,52,91,55,48,46,98,93,71,76,5,97,2,62,45,40,67,92,87,63,25,53,20,13,34,49,58,66,8,31,89,74,78,99,54,36,64,30,32,65
43,88,37,68,47,61,5,87,91,19,16,32,97,65,4,43,14,96,78,25,50,84,70,34,28,29,99,58,80,72,49,95,76,33,7,40,48,21,85,46,59,98,42,93,26,77,35,69,2,89,62,55,17,54,10,81,94,41,8,36
44,86,60,22,20,25,69,31
45,90,70,80,81,89,54,83,92,10,62,34,24,67,41,32,9,38,78,76,3,48,11,91,88,20,63,65,23,31,13,84,53,27,97,58,99,56,93,60,50,17,73,36,4
46,57,37,35,31,80,43,83,42,20,1,19,29,99,55,32,95,96,28,97,9
47,98,49,75,83,14,3,74,6,59,65,54,0,57,66,47,63,89,88,8,24,45,40,32,27,38,50,69,29,43,82,78,58,16,4,91,37,96,35,31,5,46,55,67,77,44,84,97,19,7,33,20,81,23,80,64,71,12,73,42,17
48,72,37,1,2,45,22,4,50,39
49,57,58,85,97,84,37,41,62,15,39,54,75,70,9,36,69,44,43,13,7,50,4,82,59,52,45,42,98,20,32,24,2,47,67,22,17,94,73,1,72,81
50,86,46,20,29,75,58,82,90,69,85,70,41,0,22,59,44,31,65,94,81,54,1,99,83,38,91,33,48,10,61,97,78,76,73,30,56,8,11,96,4,5,95,9,67,80,25,57,7,28,89,66,14,79,47,32,43,87,62,34
51,25,59,72,7,29,95,5,85,55,1,41,20,66,68,32,77,16,99
52,15,84,29,65,36,67,71
53,71,39,86,30,37,15,43,53,18,65,19,87,82,32,76,51,16,60,42,40,33,49,21,38,14,36,28,93,6,24,46,48,55,25,85,2,70,50,13,1,59,95,99,75,7,63,64,98,74,52,73,91,17,97,96,34,45,9,78,66,62,92,31,68,3,69,8,27,23,58,41,89,54,79,44,29,5,61,83,20
54,9,60,86,78,68,46,53,89,55,14,44,12,92,69,70,26,22,56,18,72,16,4,76,37,87,67,24,59,28,25,1,85,54,36,6,43,20,62,99,73,5,0,96,77,13,88,74,63,47,58,90,75,71,48,7,51,27,97,23,98,10,42,84,3,21,79,95,64,45,61,35,80,33,38,34,19,83,81,41,15,91
55,88,58,50,78,14,35,18,87,82,92,52,91,32,33,36,59,90,51,68,60,61,25,62,43,16,17,23,11,2,54,71,85,20,13,72,42,40,10,29,9,31,94,0,48,44
56,74,73,86,19,47,50,55,23,35,71,40,95,28,31,36,53,81,5,21,32,13,42,14,56,27,2,65,92,30,88,39,96,10,6,41,33,26,67,70,38,51,34,4,80,58,68,25,57,83,90,97,1,37,54,11,45,89,93,99,76,75,85,46,24,43,91,84,62,3,61,77,82,29,79,12,44,7,66,49,59,9,17,18,0,69,22,16
57,11,34,90,63,85,95,20,22,45,15,48,3,28,10,80,76,81,5,72,39,47,21,87,30,93,19,69,16,41,65,25,64,62,86,74,23,79,6,55,88,8,14,32,78,4,54,18,12,50,7,66,43,42,37,91,67,83,31,98,53,70,73,84,75,35,61,33,94,0,52
58,0,92,5,82,95,46,71,17,18,11,89,4,57,49,99,84,86,62,19,73,60,61,25,29,77,80,8,26,13,38,44,65,24,54,81,59,2,34,83,56,30,63,67,22,93,40,75,87,45,33,76,64,79,96,10,52,41,7,50,68,70,21,6,20,47,35,27,42
59,21,84,73,7,90,20,78,72,2,61,4,91,47,80,98,17,64,76,36,57,26,83,97,9,8,92,28,27,96,48,87,74,19,81,42,63,0,58,5,33,54,52,55,15,1,14,65,45,31,60,51,71,82,62,32,59,16,6,18,30,49,41,10,34,44,99,24,39,86,3,75,12,53
60,18,13,74,77,72,49,91,1,38,53,33,11,66,39,62,89,92,98,45,10,85,93,61,0,50,69,29,43,8,4,83,79,71,48,46,96,2,7,86,97,67,60,87,20,78,31,9,82,51,76,23,58,90,26,12,21,14,35,34,25,65,75,41,57
61,81,21,35,56,39,97,12,6,31,38,4,72,74,44,26,33,99,80,32,85,86,14,55,10,62,54,18,50,77,42,47,1,11,17,41,64,51,94,98,63,96,68,43,82,8,66,0,65,53,79,20,29,73,15,91,3,57,34,40,60,89,13,16,61,58,52,84,23,5,48,88,7,25,67,30,95,36,59,83,92,27,19,37,90,28,9
62,62,30,13,70,58,24,25,52,15,84,45,1,2,78,88,51,77,31,41,3,89,92,46,7,54,34,27,53,93,96,35,38,17,71,22,63,85,10,83,81,40,32,12,56,11,86,87,39,66,14,68,65,79,91,28,94,80,90,23,97,20,44,26,9,21,59,49,82,33,19,72,74,48,18,43,61,73,60,95,98,76,4,6,64,5,29,99,37,55,75,36,57,16,42,0,47
63,49,21,26,95,48,15,76,89,70,65,60,47,69,79,37,94,59,31,77,68,23,85,90,11,35,19,9,46
64,24,62,13,45,21,8,37,81,94,49,91,5,46,54,33
65,3,84,53,54,28,5,64,97,22,20,43,92,48,4,62,2,30,82,25,49,63,8,50,14,19,33,27,95,55,86,69,76,70,88,71,85,39,91,78,17,96,11,81,31,41,23,24,15,52,73,60,61,68,10,26,29,57,77,80,66,37,59,42,36,9,46,12,21,67,90,87,45,75
66,40,15,88,67,25,44,78,62,34,79,65,37,63,57,69,5,11,94,84,26,16,32,47,7,41,83,97,3,50,89,58,85,74,28,8,96,33,20,21,68,10,52,27,86,99,81,31,73,24,1,76,9,59
67,13,73,28,71,72,50,8,35,68,60,27,70,67,24,9
68,9,55,69,97,3,66,57,34,99,50,86,6,40,8,23,80,59,90,43,76,58,10,20,67,87,22,94,46,7,31,15,47,0,32,92,45,14,4,5,85,77,28,38,72,18,13,56,54,82,39,37,2,61,73,17,95,36,33,91,83,70,98,71,74,78,62
69,72,41,47,35,86,27,38,61,22,57,21,58,37,13,49,12,73,48,94,66,83,23,19,15,28,93
70,92,89,2,48,49,62,40,13,27,96,56,68,78,37,50,22,94,21,24,42,97,87,23,99,36,66,7,53,34,98,9,35,0,64,5,1,63,52,26,83,4,19,38,72,45,93,85,8,73,84,81,65,33,75,11,10,60,39,41,88,18,12,20
71,51,41,85,14,21,73,35,45,12,20,87,43,29
72,64,33,3,88,66,74,77,42,31,83,14,25,53,19,92,86,82,26,87,23,95,70,85,41,46,75,16,10,22,89,1,43,76,34,35,81,15,8,68,47,93,71,30,51,44,12,90,62,38,72,99,29,69,9,48,37,39,4,50,80,94,58,55,27,78,24,5,11,17,96,97,28,65,21,63,6,67,91,20,84,56,36,13,7,57,32,52,49,40,0,2,54
73,47,25,63,5,78,16,8,31,58,65,36,19,71,28,38,88,84
74,19,7,77,22,90,35,17,62,12,60,58,87,73,86,82,72,3,84,48,64,65,32,61,45,54,11,91,33,31,79,76,96,44,67,26,75,83,8,46,94,20,25,78,36,6,16,56,43,89
75,37,95,50,54,96,51,17,99
76,86,98,30,84,54,72,69,81,20,89,28,32,56,47,45,16,94,60,55,1,63,62,73,76,17,68,92,59,65,85,66,8,39,95,42,35,26,12,61,6,19,37,50,83,34,77,48,96,88,97,15,4,80,75,43,21,90,79,23,7,78,52,31,9,87,40,58,22,10,38,93,64
77,7,64,63,27,54,49,82,98,72,71,31,93,13,17,92,80,86,12,85,58,4,37,16,79,47,1,23,77,95,44,9,87,73,56,59,75,0,78,21,90,35,60,61,69,3,15,99,67,22,83,88,36
78,91,53,72,73,68,90,88,44,71,27,49,40,95,4,31,48,65,19,76,79,30,81,16,45,94,15,55,1,92,98,43,39,17,8,86,57,52,7,66,33
79,40,19,20,0,86,84,4,60,92,43,24,17,12,14,13,39,31,85,50,30,18,91,93,15,35,88,75,66,11,90,37,95,54,67,52,58,87,25,45,80,79
80,64,77,83,56,92,31,36,47,13,11,43,73,23,60,96,41,66,76,69,50,42,27,84,21,59,14,7,18,70,15,44
81,70,9,47,74,89,72,26,42,69,81,91,33,51,57,38,87,22,56,12,29,39,15,59,82,92,2,66,40,23,0,90,58,53,14,6,60,67,95,46,97,32,36,4,86,50,17,79,30,71,16,88,21,18,64,77,85,5,34,99,11,73,24,84,98,54,8,80,31,62,96,48,65,75,83,52,44,94,13,78,41,68,45,25,63,61,35,7,76
82,91,86,25,28,3,71,41,36,90,83,26,45,76,12,38,77,52,67,55,64,23,37,17,89,82,63,5,69,43,85,8,27,24,68,40,93,58,66,48,15,79,30,33,20,78,51,34,84,4,0,10,94,39,50,7,72,88,57,65
83,15,67,52,9,16,30,44,72,23,99,31,96,51,74,14,6,86,87,13,50,83,43,91,85,0,47,78,79,41,59,71,5,40,60,53,12,22,37,25,58,61,36,75,29,80,32,42,27,39,70,20,33,17,11,90,84,88,49,3,97,34,1,24,28,38,63,65,48,98,77,45,95,73,7,68,2,54,62,8,35,69,66,56,89,76
84,80,98,65,71,84,64
85,94,52,4,10,51,58,96,1,41,45,44,15,29,53,26,14,28,93,6,12,48,40,34,21,43,73,54,35,95,63,47,27,75,17,89,76,87,31,19,30,59,42,0,13,99,64,81,78,90,80,62,25,66,83,97,68,55,91,22,86,33,38,57,36,5,72,60,7,2,74,16,61,79,50,77,69,65,3,11,71,23,37,92,49,8,46,39,32,9,18,84
86,35,76,7,90,88,86,15,83,78,85,19,24,79,2,77,4,9,51,57,25,42,72,11,71,94,28,92,73,30,54,16,45,50,68,99
87,14,76,81,88,23,64,96,60,8,89,18,22,52,75,11,49
88,32,67,36,7,16,23,66,59,52,99,0,40,93,27,17,29,45
89,89,0,90,34,76,6,39,41,75,71,94,60,40,66,12,77,50,93,43,10,99,28,21,65,29,47,42,63,86,9,36,14,32,95,13,1,62,67,85
90,37,51,0,43,5,13,55,69,56,35,22,36,96,77,52,33,78,23,70,93,46,17,11,14,57
91,23,59,45,95,41,8,38,74,0,37,65,17,87,83,20,69,33,76,96,15,73,3,91,4,32,57,98,68,48,11,6,86,56,97,42,53,90,92,26,10,34,88,52,30,39,81,21,62,71,44,49,82,19,61,85,64,84,1,31,43,2,22
92,87,23,61,20,27,67,44,13,5,40,79,14,28,3,31,84,73,17,22,38,36,66,56,77,39,90,43,10,85,91,7,98,76,37,42,89,92,46,34,35,81,32,54,48,9,78
93,92,96,67,27,30,93,71,32,76,77,60,35,83,61,64,37,54,55,18,66,9,33,68,63,50,24,87,85,20,53,16,36,7,90,52,75,2,89,65,80,78,22,69,12,6,3,97,72,47,48,14,46,28,0,62,40,4,43,26,51,82,58,49,98,31
94,61,42,33,10,29,18,84,56,79,36,59,44,50,41,69,81,75,89,39,63,23,20,53,62,2,17,15,97,92,31,22,57,78,43,13,14,55,46,52,0,4,47,19,27,80,65,73,67,38,76,68,54,16,51,90,30,24,70,94,12,7,82,40,95,88,25,87,72,48,11,8,21,77,37,85,58,3,9,1,66,28,83,96,99,98,35,60,6,74,64,34,93,71,91,49,45,26
95,20,68,80,44,48,33,10,87,34,65,27,54,11,56,28,96,69,58,53,88,79,71,76,60,90,52,46,22,24,37,25,59,18,89,12,5,26,51,73,19,8,83,9,41,50,47,78,35,70,86,1,81,74,95
96,74,4,86,60,38,1,35,61,41,22,16,20,18,2,97,89,14,17,80,30,56,40,12,52,65,23,98
97,76,62,24,54,16,51,0,98,2,40,60,22,5,55,37,56,12,33,99,43,91,41,87,92,70,93,90,71,94,81,19,57,77,3,7,29,18,75,80,4,52
98,47,22,71,69,86,60,56,72,2,88,49,29,65,9,73,51,11,5,61,96,91,24,46,67,26,92,28,77,52,70,55,89,81,13,10,62,23,25,14,59,90,38,19,15,1,44,76,16,94,39,21,4,41,83,27,36,48,32,18,54,85,63,87,7,45,95,3,64,75,98,12,30,78,57,53
99,89,50,56,90,64,54,69,28,60,81,72,47,11,99,74,17,97,55,16,7,32,6,23,41,35,36,49,29,37,84,12,82,38,62,27,61,51,1,43,66,63,25,40,57,83,87,96,20,26,48,94,8,75,59,76,68,15,80,65,52
100,59,2,18,11,19,52,44,34,7,74,65
101,66,44,73,48,99,84,63,8,90,69,81
102,29,77,72,36,30,56
103,43,54,99,69,45
104,8,36,88,26,27,86,47,43,0,53,51,72,3,97,16,2,22,57,48,44,31,28,56,92,23,14,9,89,55,49,17,52,98,24,59,69,42,68,71,84,7,35,41,12,58,78,19,90,75,94,83,29,20,76,40,25,1,50,66,91,11,30,82,85,95,81,80,73,62,54,34,87
105,77,56,27,57,73,3,79,82,15,49,16,54,4,37,6,72,48,25,70,83
106,4,16,60,37,74,24,79,78,0,76,3,83,18,27,94,35,46,50,67,72,19,64,58,33,5,90,34,95,7,42,11,39,55,61,14,26,47,87,54,17,45,71,84,28,21,81,77,70,96,68,63,88,85,15,62,44,13,43,23,80,66,92,36,49,93,20,59,82,86,48,41,89,32,9,69,40,1,56,57,12,98,91,6,73,99,2
107,85,28,11,84,22,23,48,98,99,15,62,16,14
108,28,56,67,25,50,39,73,49,61,72,63,68,65,5,80,33,47,60,17,69,62,55,2,57,75,14,81,42,92,27,58,16,13,23,82,93,30,31,45,59,29,12,15,21,32,99,10,3,96,40,46,7,18,51,85,74,43,24,35,1,11,19,20,66,97,71,84,88,70,44,91,78,95,76,36,52,22,94,9,64,48,53,54
109,56,73,59,36,99,57,28,45,89,41,6,7,32
110,32,74,6,84,62,58,78,61,57,94,87,12,66,54,92,76,7,70,33,11,19,81,9,50,10,48,99,13,20,31,80,86,51,79,16,35,67,22,1,14,98,0,46,63,24,28,25,93,17,69,52,90,49,5,37,29,68,4,43,23,18,45,60,88,96,36,56,91,27,64,41,40,21,3
111,52,6,95,78,26,97,80,38,91,27,22,86,5,29,30,10,66,67,73,84,3,37,42,81,17,99,48,18,23,13,62,24,71,79,36,44,64,74,7,93,45,94,77,50,4,59,40,47,92,39,96,19,2,72,54,83,70,49,76,15,68,65,58,20,33,1,69,53,43,31,56,60,85,28,75,32,87,82,51,14,16
112,61,31
113,69,5,84,1,30,59,41,97
114,14,42,99,90,51,12,65,32,0,35,72,48,79,56,61,77,78,44,76,37,31,9,34,23,5,60,41,25,67,28,43,20,88,50,93,17,40,84,1,45,69,92,68,11,36,70,13,26,29,46,3,94,85,49,53,8,16,66,30,27,19,15,52,74,95
115,19,81,25,75,86,70,18,4,0,84,59,9,96,42,28,20,69,16,63,62,82,94,83,21,40,3,17,29,67,7,53,68,52,11,1,14,30,49,88,46,99
116,9,23,78,46,5,32,64,50,42,88,25,94,49,80,69,10,86,90,82,52,36,1,0,57,18,89,4,85,2,27,93,40,91,13,98,44,39,87,77,61,79,63,53,6
117,99,63,30,62,45,64,70,79,85,4,20,90,24,19,0,5
118,82,51,1,63,22,26,20,19,86,87,43,15,42,72,16,47,99,45,80,31,18,98,49,50,4,3,10,52,39,33,27,61,73,97,66,79,41,88,46,29,93,9,57,64,7,89,34,36,67,91,68,83,12,48,30,13,5,56,53,6,17,95,24,60,84,75,78,92,71,70,11,37,65,85,40,21,8,32,2,90,0,54,81,96,44,62,14,23,35,25,77,38,55,59,74
119,68,73,91,74,76,94,35,51,84,64,28,70,42,98,53,52,38,50,22,83,71,9,4,81,96,75,80,92,66,41,40,5,32,48,57,7
120,35,28,50,30,78,97,55,45,19,61,60,12,47,32,41,37,7,96,63,56,75,33,93,18,21,48,95,92,71,40,17,66,16,44,91,31,62,68,3,77,67,98,58,65,53,46,38,70,94,99,14,13,20,27,84,79,42,73,82,72,22,25,15,36,59,29,51,10,76,49
121,71,86,83,70,68,4,41,79,10,66,95,60,19,81,89,74,47,18,37,21,93,52,49,84,51,31,82,96,64,27,14,40,46,77,25,73,3,32,22,9,29,7,20,42,45,15,36,75,55,59,38,57,80,30,54,44,90,53,91,69,43,35,87,8,13,50,78,65,26,11,63,76,2,6,28,0,17,94,39,12
122,14,20,40,15,28,44,60,93,69,10,37,1,82,9,2,8,66,78,32,22,26,97,63,17,76,77,13,29,6,21,99,47,87,4,5,39,61,64,81,50,27,30,45,74,85,41,54,88,57,35,79,95,72,48,65,70,94,33,56,96,34,89,80,16,18,51,23,68,98,84,42,67,91,25,11,86,62,38,71,52,90,24,75,3,31,46,0,92,43,53,19,83,36,58,55,12,73,59
123,63,89,42,41,95,78,54,83,64,71,80,18,10,72,99,8,70,21,93,20,65,81,43,16,11,34,48,49,12,26,3,82,4,69,79,0,47,27,2,31,96,17,92,67,74,33,60,62,86,23,90,1,30,35,40,56,68,73,6,77,45,75,53,88,24,14,59,39,76,5,13,52,29,98,85,15,84,37,66,51,61,19,44,50,55,87,57,91,7,28,94,32,97,46,58,25,38
124,90,31,96,81,67,60,41,13,83,45,95,35,78,29,54,20,16,9,87,59,70,48,23,28,43,2,10,19,46,12,37,99,91
125,71,30,8,59,74,23,25,58,67,95,18,37,91,3,52,82,50,11,24,34,17,9,64,69
126,38,34,91,71
127,40,63,34,29,14,35,85,67,51,56,5,53,90,46,20,98,48,72,88,79,73,80,91,26,41,86,97,18,76,8,81,82,65,58,54,94,36,55,13,78,45,27,15,89,6,47,84,7,92,64,59,87,30,43,0,4,49,60,62,11,12,68,96,37,42,22,9,38,2,52,83,93,28,50,10,25,39,69,75,74,32,70,44,24,21,16,99,31,17,66,57
128,1,69,29,20,97,41,21,24,35,75,40,27,19,66,51,10,85,60,31,76,87,9,44,14
129,44,30,27,91,5,1,26,54
130,35,30,66,61,19,80,88,22,97,92,25,24,90,12,0,46,70,32,31,74,6,40,42,29,36,48,34,62,1,52,85,5,56,93,73,39,75
131,99,17,14,27,74,54,83,95,67,78,42,38,18,71,84,37,97,75,63,44,98,76,52,62,70,46,90,57,40,16,82,56,88,26,13,31,5,35,79,28,1,50,12,69,48,33,43,51,59,3,10,6,19,87,66,80,24,23,21,41,61,55,2,22,15,9,0,91,4,49,94,60,73,85,25,72,81,96,89,39,34,93,92,36,11,8,64,68,32,86,29,58,20,30,7,65,47
132,67,66,6,8,2,57,22,82,48,40,30,50,45,68,36,51,99,21,26,33,74,93,23,52,18,11,53,96,37,88,76,56,9,24,89,73,80,91,0,60,42,63,7,78,92,19
133,45,94,81,91,58,24,65,70,52,76,35,44,21,82,50,55,59,42,19,18,75,53,36,93,10,25,40,84,88,92,13,7,41,62,2,83,1,29,14,54,17,32,56,48,72,80,33,78,37,98,95,22,30,11,23
134,63,54,13,43,20,66,62,83,61,81,84,80,69,29,28,85,21,56,86,6,89,68,87,18,3,76,57,77,99,45,90,22,52,25,44,49,95,70,27,55,97,37,15,38,73,5,65,92,14,40,17,0,96,67,4,48,11,82,42,93,98,8,24,12,2,30,33,39,60,50,23,26,7,36,10,47,72,64,41,53,71,59,88,34,16
135,74,69,39,37,62,14,66,30,67,70,88,38,5,61,59,44,60,2,54,56,49,11,55,76,96,92,48,25,4,91,3,47,72,23,9,63,80,94,10,50,81,42,12,93,71,87,28,18,7,26,21,90,64,82,98,52,85,84,65,68,20,19,75,24,77,29,32,1,36,86,13
136,7,46,40,76,82,2,84,1,88,78,39,27,17,54,81,13,9,10,99,33,55,15,28,87,59,74
137,83,33,8,16,85,53,87,75,11,9,50,46,66,1,30,70,48,64,94,82,63,37,18,96,71,60,81,32,76,5,97,10,57,41,67,52,12,88,93,17,62,51,49,40,77,6,27,31,73,90,91,95,4,15,65,58,79,35,44,20,38,3,43,80,92,23,45,25
138,30,23,36,7,67,8,15,97,53,66,46,90,19,17,61,42,27,51,65,74,37,28,96,45,6,83,39,88,24,50,58,93,69,13,44,34,32,64,40,1,98,25,79,47,5,56,0
139,29,3,19,48,13,33,96,63,40,39,30,65,43,98,10,95,46,4,72,94,42,45,78,28,68,81,84,83,1,47,2,20,55,15,67,0,16,77
140,67,77
141,58,8,16,78,10
142,86,66,99,47,73,51,90,48,68,57,95,87,96,41,89,37,74,31,64,25,45,14,54,29,52,15,61,24,46,12,6,77,80,58,35,75,72,78,88,13,53,84,62,55,39,70,9,8,94,91,44,71,34,67,98,21,19,2,76,28,17,18,16,10,81,43,60,27,65,83,85,56,20,22,3,82,63,23,49,26
143,32,1,87,43,0,22,24,15,46,49,86,82,2,62,95,35,29,45,13,99,27,60,33,40,51,9,10,66,14,90,11,94,92,77,58,84,3,64,68,61,91,50,79,96,38,55,28,18,83,23
144,53,8,98,37,95,44,83,62,66,50,93,15
145,70,92,19,99,64,23,18,49,81,68,33,14,77,7,0,72,57,88,4,20,46,96,82,86,60,28,84,41,5,29,24,48,31,67,74,37,32,76,75,63,56,2,10,40,43,89,21,90,73,98,47
146,48,35,4,45,0,74,55,16,11,66,36,84,94,7,10,88,57,73,21,42,40,96,30,71,13,67,86,89,98,47,76,9,5,91,70,61,17,97,6,31,53,46,38,99,2,87,28,64,25,54,8,80,90,78,19,50,69,12,63,20,52,43,85,29,95,93,68,72,1,75,59,18,62,37,23,56,34,65,79,82,92,49,14,39,81,26,32,60,15
147,3,56,94,74,58,92,59,98,40,97,29,30,68,53,48,12,27,2,83,70,10,78,63,19,17,46,32,57,11,35,73,99,1,23,37,24,5,14,85,22,49,18,90,6,84,0,45,66
148,6,98,97,53,72,26,0,81
149,26,58,69,2,56,21,76
150,73,55,53,3,50,63,44,77,37,61,23,56,22,1,74,66,11,36,29,21,57,97,83,72,69,87,70,93,10,92,39,67,8,5,43,80,79
