50 5
1,6,5
2,4,3,0,8,5
3,9,5,2
4,5,3,1,9,4
5,1,0,8,7,9,3
6,1,6,0,9,4,3,7,2,5
7,9,5,7
8,4,5,7,3,0,8,9,6
9,1,8,4
10,7,6,5,3,8,4,2
11,8,5,9
12,6,8,9,0,2,1,7
13,8,1,5,9,6,2,7
14,6,2,9,8
15,4,8,1
16,0,7,8
17,3,5
18,8
19,1,0,2,3,8,9
20,4,0,8,5,7,6,2,1
21,3,8
22,6,7
23,4,7
24,4,9,3,5,1,6,7,0,8
25,2,1,5,7,9,3,4,8
26,9,6,2
27,9,2,1
28,8,4
29,0,9,5,6,3,4,8
30,2,8,0,7
31,5,3,9,0
32,6,0,1,2,8,9
33,3,4
34,8,1,2,7,4
35,4,6,2,5,9,8,0,3,7
36,4,2,8,7,0,3,9,1,5
37,4,0
38,8,3,5,4,9,7,0,1
39,4
40,9,4,8,0,2,7,3,5
41,8
42,2,4,9,3,5,6,8,0,7
43,5,2,1,3,0,8,6,4
44,9,3
45,6
46,5,9,7,1,6,8,0,3,2
47,4,9,0
48,2,8
49,2,8,6,7,3,9,5
50,3,5,0,6,7
