100 25
1,8,29,12,21,28,33,14,7,43,20,0,47,39,17,30,48,22,45,37,49,35,41,4
2,13,45,33,38,49,19,0,44,28,4,41,1
3,8,16,25,45,9,5,0,11,3,30,43,42,18,26,24,15,49,39,23,7,10,2,22,38
4,23,45,38,15,24,17,14,37,43,46,18,36,35,28,34
5,16,27,39,45,34,22,21,25,5,7,15,11,41,1,46,44,43,24,28,9,23,8,30,0
6,20,33,24,9,0,13,11,37,2,31,14,4,27,18,8,30,22,23,17,15,49,48,6,26,25,38,10
7,30,46,15,27,36,35,10,34,41,11,47,2,31,0,1,25,4,6,29,17,28,48,16,3,19,22,38,24,42,40,21,9,49,33,5,7,18,45,13,43,8,44,32,39,37,14,20,26,12
8,15,19,4,42,38,45,0,33,40,34,47,28,37,22,48,31
9,33,47,14,43,1,10,27,2,3,44,25,46,19,42,13
10,26,28,36,46,7,17,22,25,8,10,41,21,23,9,45,13,37,15,32,29,43,38,33,39,16,48,18,27,40,44,49,1,34,14,20
11,2,47,33,12,30,24,11,18,43,14,16,8,5,41,7,3,48,4,6,26,44,27,9,37,29,25
12,23,13,4,42,38,9,5,12,0,43,33,26,16,25,28,6,37,22,19,11,36,34,41,40,24,27,29,48
13,43,29
14,23,13,26,38,3,1,45,37,20,34,7,33,44,19,36
15,21,47,2,46,17,1,48,49,32,29,3,9,15
16,32,11,3,28,35,1,29,37,0,49,22,26,10,8,12,19,33,16,21,40,43,15,13,48,6,36,41,7,18,47
17,21,39,2,9,16,6,19,33,28,15,35,1,25,38,37,18,43,47,10,36,30,12,14,4,46,40
18,15,1
19,35,4,48,12,34,28,32,6,10,22,17,44,18,30,24,1,7,37
20,21,32,24,23,12,48,29,35,15,14,20,31,3,9,11,43,39,44,19,0,2,22,36,41,33,16,37,45,7
21,31,1,0,19,7,25,23,18,33,29,27,38,22,32,5,26,49,44,20,48,37,4,24,21,12,28,42,3,34,45,6
22,32,19,10,48,47,17,8,15,1,4,35,11,13,2,3,6,31,39,44,24,30,42,36
23,37,39,3,26,27,42,40,12,49,13,9,15,10,34,14,25,6,4,32,21,28
24,34,13,4,46,21,44,47,30,6,48,20,42,0,28,49,39,32,1,17,5,19,7,40,38,9,16,29,2,24,10,36,12
25,40,32,10,36,45,46,33,12,48,9,1,43,2,5,37,47,39,4,3,49,15,30,19,6,38,17,8,31,23,13,25,34,28,18,11,20,24,16,22,35,29,41,7,26,21,0
26,31,2,21,35,47,23,49,12,15,11,34,0,17,22,44,24,46,43,25,42,6,1,18,13,26,10,28,40,8,29,19,36
27,34,29,44,7,36,12,20,1,32,43,35,2,47,6,39,11,49,31,24,26,37,46,9,28,40,3,25,16,14,30,8,27
28,48,21,49,12,36
29,10,30,6,21,14,1,42,3
30,12,47,48,35,3,21,33,44,18,29,11,39,16,5,23,8,25,46,26,13,49,32,28,30,17,14,38,37,40,20,24,15,36,27,34,19,22
31,34,5,2,39,10,41,17,26,38,1,9,20,15,49,11,4,36,48,22,0,40,21,44,24,25,6,42,16,7,29,45,31,33,27,13,47,30,46,28,37,8,32,14,43,12,18,19,3
32,39,29,26,36,48,20,21,34,32,41,7,9,3,23,38,46,24,2,42
33,31,42,17,44,13,45,2,7,14,41,32,33,10,5
34,49,8,4,45,24,1,33,10,38,5,28,2,31,23,27,16,43,3,15,29,20
35,36,0,30,43,2,16,7,37,35,48,31,27,44
36,38,21,46,33,3,12,44,43,36,11,32,19,26,16,25,6,40,14,18,28
37,11,4,12,49,34,3,24,15,39,13
38,40
39,47,45,31,42,8,10,20,36,27,22,21,5,2,30,13,11,15,3,35,16,12,7,34,19,46,17,0,6,33,32,26,38,37,39
40,1,25,29,19
41,26,36,47,33,39,15,44
42,37,0,9,18,12,31,34,11,1,21,24
43,44,38,45
44,41,1,47,22,39,8,23,30,24,3,40,14,35,16,20,12,10,42,43,36,21,37,13,46,11,34,44,6,31,48,38,26,9,19
45,43,3,12,2,9,0,26,4,49,10,27,8,45,48,5,37,47,36,20,32,41,19,30,17,13,31,24,34,23,22,14,28,7,16,40,39,1
46,18,16,6,15,24,41,14,4,44,28,21,0,19,5,37,34,30,47,36,39,42,12,48,9,29,17,22,33,46,49,7,2,40,35,8,31
47,48,8,16,47,34,13,27,35,39,32,40,4,44,0,49,31,30,29,21,45,23,46,37,3,12,24
48,38,36,35,32,34,5,21,40,8,27,24,18,2,15,3,48,28,10,16,30,26,7,1,22,42,47,45,29,19,39,33,31,6,9,13,25,11,43
49,42,6,38,16,8,7,33,24,18,2,10,9,47,1,12,46,39
50,14,41,8,48,16,0,35,42,36,12,6,17,25,39,26,5,1,40,3,31
51,46,44,36,4,15,17
52,45,27,12,24,38,5,48,31,25,42,6,11,3,22,20,36,44,4,29,2,46,23,15,34,21,30,8,0,39
53,16,42,39,48,38,47,41,23,4,10,27,40,26,18,8,15,45,3,13,46,37,22,6,31,25,11,20,17,43,28,14,35,32,12,36,33,34,30,21,5,44,0,9,1,24,29,19
54,31,27,7,28,8,20
55,19,39,11,3,47,24,34,36,16,9,30,14,28,25,22,40,35,21,7,48,13,26,38,45,6,10,1,17,42,29,15,33,20,49,5,37,46,43,4,44,23,41,0,2,31,18,32
56,30,45,7,4,2,29,28,24,40,3,36,44,6,23,22,9,48,34,18,8,46,38,27,10,21,43,39,17,49,35,37,5,25,15,32,1
57,27,13,36,16,41,40,8,18,30,35
58,22,36,31,15,33,10
59,22,38,43,18,47,34,42,21,0,31,32,40,6,17,24,23,35,41,1,39,33,12,4,7,28,3,29,5,44,9,2,11,16,30,10,27,20,36
60,17,9,16,4,37
61,0,8,13,35,28,30,46,39,44,42
62,27,3,15,6,30,8,28,43,39,34
63,46
64,45,5,21,27,23,49,25,44,39,42,3,1,20,30,9,15,33,28,13,48,19,38,41,32,47,26,11,31
65,33,20,38,48,17,49,12,18,9,29,6,26,27,28,22,40,21,37,15,39,4,10,45,1,11,16,34
66,38,29,26,34,9,4,7,43,49
67,42,7,2,46,27,40
68,5,9,45,19,48,13,30,18,10,34,47,28,39,21,25,29,35,0,20,3,41,37,1,36,2,15,11,24,31,4,40,16,8,44,22,27,12
69,30,42,17,35,4,15,34,37,25,33,1,26,7,20,31,22,38,12,28,11,49,45,41,16,14,43,40,8,32,9,2,44,27
70,33,40,36,17,6,19,24,15,38,0,12,31,18,43,35,44,23,27,25,8,21,32,4,7,10,14,48,28,5,29,30,26,49,34,13,2,9,20,16,11,1,45,41,46,39
71,39,29,18,20,22,27,5,24,23,35,34,13,16,25,17,19,43,40,49,48,6,21,32,30,42,11,38,1,4,46,2,14,44,0,28,12,8,33,26
72,0,10,4,44,41,29,12,14,47,37,22,40
73,19,15,29,32,28,6,4,47,12,18,9,23,16,36,21,45,0,26,17,13,22,27
74,30,21,36,10,9,19,11,44,26,24,2,5,15,23,28,0,12,4,42,20,33,29,34,48,27,7,13,14,8,40,3,1
75,35,47,5,23,21,48,10,26,1,16,31,6,44,15
76,6,27,13,45,10,4,20,48,30,9,3,44,31,33,15,24,38,49,36,7,16,2,32,5,1,11,8,41,25,34,43,47,14,18,42,35,26,19,46,39
77,44,7
78,15,47,26,16,0,17,24,31,1,32,41
79,48,20,5,45,33,31,35,29,11,16,32,1,26,19,12,34,24,22,2,28,0,6,38,37,44,49,21,23,40,43,8,46,9,30,4,13,7,39,27,10,14,17,3,41
80,17,47,13,22,19,31,23,10,16,3
81,42,24,35,13,41,1,26,11,36,12,48,19,38,2,32,40,39,17,30,28,9,3,43,18,22,44,23,34,6,45,49,29,10,33,7,8,5,4,46,21,0,15,37,25
82,29,16,45,4,35,39,0,24,42,14,41,7,43,3,12,49,20,31,38,6,27,40,46,25,18,9,11,2,13
83,45,49,23,24,47,38,12,41,8,3,42,5
84,34,6,1,20,22,47,5,43
85,40,22,8,18,11,28,27,24,36,19,39,7,45,29,9,44,25,33,41,17,26,6,49,42,2,1,47,31,43
86,48,40
87,49,36,20,9,10,48,23,37,31,14,47,22,27,40,21,5,3,1,43,35,12,32,24,8,4,2,30,18,25,42,13,38,34,7,19,46,39,41,17,15
88,49,48,36,12,37,15,16,34,26,32,46,27,9,20,29,3,2,40,1,38
89,11,45,19,46,10,16,44,2,39,48
90,7,2,1,8,28,24,36
91,25,10,15,17,37,13,24,42,40,9,36,28,14,38,46,19,39,27,2,31,18,0,16,23
92,40,36,28,3,4,21,35,37,45
93,26,16,27,8,5,39,48,0,32,41,22,12,40,4,7,31,20,29,10,28,46,33,9
94,44,26,43,16,13,46,1,18,15,34,33,39,35,27,37,28,41,7,36,23,11,42,0,2,3,19,32,40,29,10,47,20,21,5,25,12,24,48,8,9,45
95,3,44,0,39,31,16,11,45,40,47,36,29,49,13,7,19,23,15,28,35,8,12,38,30,33,41,21,10,27
96,28,32,40,39,0,4,12,26,6,9,29,19,34,46,41,47,42,16,44
97,2,48,26
98,10,41,31,7,35,2,39,8,38,3,40,24,45,30,11,49,32,37,26,1
99,45,46,16,34,19,35,5,33,11,10,8,20,17,27,12,43,6,28,1,9,7,23,21,40,48,31,3,49,22,29,25,42,24,47,0,32,2,15,39,30,13,4,37,26,14,36,38,44,18
100,40,28,41,19,26,13,48,17,11,38,32,6,15,33,1,2,4,47,22,45,35,25,43,21,31,7,14,0,18,20,23
